TF-Motif	ES	NES	P-value	FDR
HO_P63_HUMAN.H10MO.A.bed	0.260444217419	11.5760979594	0.0	0.0
HO_P53_HUMAN.H10MO.B.bed	0.203675242601	11.38610856	0.0	0.0
HO_P73_HUMAN.H10MO.A.bed	0.119320426099	9.21179105324	0.0	0.0
HO_SCRT2_HUMAN.H10MO.D.bed	-0.134609457913	-7.40760507879	5.77667666569e-13	6.67180133821e-13
HO_ZBED1_HUMAN.H10MO.D.bed	-0.12146332856	-6.97728186385	1.02651052222e-11	1.67855419577e-11
HO_CPEB1_HUMAN.H10MO.D.bed	0.0522612024729	6.4376376887	2.10706341264e-10	9.85859596716e-10
HO_EVX2_HUMAN.H10MO.A.bed	-0.0613514833219	-6.36865815878	4.37537915644e-10	2.83294751442e-09
HO_TCF7_HUMAN.H10MO.C.bed	-0.089279894104	-6.15611117774	1.7437288307e-09	2.83687863066e-09
HO_PO2F1_HUMAN.H10MO.B.bed	-0.0606778514259	-5.6845900203	1.55083176048e-08	1.75323308371e-08
HO_SOX18_HUMAN.H10MO.D.bed	-0.0781985446563	-5.88708553067	1.10751253632e-08	6.453777598e-08
HO_CDX2_HUMAN.H10MO.C.bed	-0.0430108056944	-5.37217875982	1.8977260954e-07	4.439570902e-07
HO_SOX13_HUMAN.H10MO.D.bed	-0.0598686046908	-5.05417026667	8.9153161361e-07	9.21728652135e-07
HO_SNAI2_HUMAN.H10MO.C.bed	0.0409379632019	4.684545292	3.00481199877e-06	3.81402869547e-06
HO_BRCA1_HUMAN.H10MO.D.bed	-0.0538689522093	-4.64049423865	3.78934081774e-06	5.42180237538e-06
HO_AIRE_HUMAN.H10MO.C.bed	-0.0679362075719	-4.55505673026	5.41677955238e-06	6.23367269852e-06
HO_HNF6_HUMAN.H10MO.C.bed	-0.0568525503472	-4.52338145279	6.38315121853e-06	7.46642323189e-06
HO_SP1_HUMAN.H10MO.S.bed	-0.0480065285113	-4.51495544479	9.49373111294e-06	3.47741808194e-05
HO_HXD11_HUMAN.H10MO.D.bed	-0.0374467486717	-4.36840176034	1.73746958027e-05	4.03521014838e-05
HO_PITX2_HUMAN.H10MO.D.bed	0.0332030107471	4.14853418858	3.29635805201e-05	4.37466979573e-05
HO_RAX2_HUMAN.H10MO.D.bed	-0.053884388957	-4.38240464857	1.34374526951e-05	4.50963726575e-05
HO_SP1_HUMAN.H10MO.C.bed	-0.0379258516638	-3.98458005401	5.35780013851e-05	7.71764019951e-05
HO_FOXP3_HUMAN.H10MO.D.bed	-0.0463738088881	-4.31164591047	2.48928994503e-05	0.000111582856976
HO_MAZ_HUMAN.H10MO.A.bed	-0.0362217173362	-3.77165279874	0.000175015185827	0.000187286701361
HO_KLF6_HUMAN.H10MO.D.bed	-0.0471499792675	-3.86603090626	9.95213590547e-05	0.000187627032806
HO_NRF1_HUMAN.H10MO.A.bed	-0.0967317479779	-3.90433383215	0.000100207590328	0.000205875209617
HO_SP2_HUMAN.H10MO.C.bed	-0.0396376529718	-3.90974220163	9.68247189323e-05	0.000237795574083
HO_HTF4_HUMAN.H10MO.B.bed	0.0365690922433	3.66986522854	0.000195646522915	0.000354263901663
HO_SP4_HUMAN.H10MO.D.bed	-0.0371183341774	-3.44446381685	0.000412936461076	0.000583022624559
HO_GABPA_HUMAN.H10MO.A.bed	-0.0895240199863	-3.45217502627	0.000473191491608	0.000659382056785
HO_MYF6_HUMAN.H10MO.C.bed	0.0273616988571	3.32102436443	0.000576606966219	0.00067078959228
HO_TFDP1_HUMAN.H10MO.D.bed	-0.039688336942	-3.60490076212	0.00031396847785	0.000878837529701
HO_PAX5_HUMAN.H10MO.S.bed	0.0318690846914	3.75715362075	0.000187460138664	0.000924322683721
HO_EGR4_HUMAN.H10MO.D.bed	-0.0463196602525	-3.44695073097	0.000481147643505	0.000946060243825
HO_TBX5_HUMAN.H10MO.D.bed	0.0310834277251	3.50527294611	0.000496216548994	0.000969740268004
HO_ITF2_HUMAN.H10MO.B.bed	0.0316896893171	3.31167463617	0.000829644304979	0.000988479552959
HO_GATA1_HUMAN.H10MO.A.bed	-0.0667179461447	-3.28214633463	0.000789650221847	0.00106561219411
HO_SP3_HUMAN.H10MO.B.bed	-0.0334709661899	-3.48397434747	0.000405724372986	0.00115586365815
HO_ELK1_HUMAN.H10MO.A.bed	-0.103192972453	-3.24074718433	0.000969669546437	0.00117719352134
HO_RARG_HUMAN.H10MO.S.bed	0.0300778811216	3.71381016305	0.000156259196962	0.00119240649111
HO_ZN639_HUMAN.H10MO.D.bed	-0.0735615206093	-3.17920754681	0.00112901059761	0.00122868555699
HO_HXD9_HUMAN.H10MO.D.bed	-0.0341677852288	-3.61832589157	0.000249827114179	0.00127094587452
HO_THA_HUMAN.H10MO.C.bed	0.0283174714098	3.31212629446	0.000780798131633	0.00128661080302
HO_PBX3_HUMAN.H10MO.B.bed	-0.0531910209406	-3.15799841186	0.00119425117323	0.00135250000361
HO_ID4_HUMAN.H10MO.D.bed	0.0310141666915	3.39885795158	0.000492891931761	0.00143610785572
HO_ARI3A_HUMAN.H10MO.S.bed	-0.0267080275706	-3.2225799457	0.000929636752626	0.00149722904129
HO_IKZF1_HUMAN.H10MO.C.bed	0.0272898377828	3.19372122204	0.00114029858717	0.00160291972451
HO_P73_HUMAN.H10MO.S.bed	0.0617866637432	3.53593599851	0.000291453641993	0.00171396132585
HO_TBX2_HUMAN.H10MO.D.bed	0.033196622101	3.16309524397	0.00109283387146	0.00179157675602
HO_SPDEF_HUMAN.H10MO.D.bed	-0.0634956428126	-3.11686162411	0.00128398171589	0.00182896062197
HO_ONEC2_HUMAN.H10MO.D.bed	-0.0284670647283	-3.36147889678	0.000785263917569	0.00191389418693
HO_ETV6_HUMAN.H10MO.D.bed	-0.113690071906	-3.47695013435	0.000397583834846	0.00191617472283
HO_NR1I2_HUMAN.H10MO.S.bed	-0.0327254654202	-3.14814701481	0.00127564027767	0.00226505655952
HO_BPTF_HUMAN.H10MO.D.bed	-0.0275009372489	-3.1391262512	0.00128745980886	0.00226720257548
HO_KLF16_HUMAN.H10MO.D.bed	-0.0285754066803	-3.20053072002	0.00111170375552	0.00241560036369
HO_FOXA3_HUMAN.H10MO.C.bed	-0.0267972717344	-3.12465011507	0.00125221918022	0.00252412734126
HO_AP2C_HUMAN.H10MO.A.bed	0.0544732970143	3.64284827535	0.000332092977138	0.00280094208349
HO_TYY1_HUMAN.H10MO.A.bed	-0.0579506216673	-2.96677819641	0.00204169618396	0.00293436604018
HO_P63_HUMAN.H10MO.S.bed	0.0780383002808	3.19753173877	0.00101014112598	0.00322139533211
HO_THA_HUMAN.H10MO.S.bed	0.0266692404945	3.16565278911	0.00124250255023	0.0033464039273
HO_RXRB_HUMAN.H10MO.C.bed	0.0243999281945	2.98872974687	0.00218543286548	0.0033755722091
HO_FOXO3_HUMAN.H10MO.B.bed	-0.0305921382808	-2.86768998622	0.00239889439787	0.0034247022473
HO_ZN148_HUMAN.H10MO.D.bed	-0.0276848188742	-2.90345010337	0.00262290668179	0.00444783910854
HO_MESP1_HUMAN.H10MO.D.bed	0.0306708198663	3.15409943042	0.00139343868214	0.00453398068656
HO_NKX25_HUMAN.H10MO.C.bed	0.0235324626349	2.98015178755	0.00188202119975	0.00488411169652
HO_THAP1_HUMAN.H10MO.D.bed	-0.0510235282405	-2.72465257137	0.00472949848514	0.00492144241716
HO_IRF5_HUMAN.H10MO.D.bed	-0.030291340539	-3.2416806419	0.00107581150838	0.00507055277113
HO_RARA_HUMAN.H10MO.S.bed	0.0300778811216	3.59298112988	0.000250392869817	0.00553454584664
HO_TAL1_HUMAN.H10MO.A.bed	-0.0575793759963	-2.66889683675	0.00494796974667	0.00564350286052
HO_E2F6_HUMAN.H10MO.C.bed	-0.0409334919134	-2.59858289343	0.00576846627118	0.00576846627118
HO_SNAI1_HUMAN.H10MO.C.bed	0.0375625443523	3.24730468932	0.000982530063459	0.00583149787664
HO_ELK4_HUMAN.H10MO.A.bed	-0.103356839767	-2.93891240745	0.00239557287561	0.00731220101556
HO_AP2A_HUMAN.H10MO.C.bed	0.0446901055042	2.73520925217	0.0047012123069	0.00753369272181
HO_ETV2_HUMAN.H10MO.D.bed	-0.0226705083119	-2.76479409322	0.00464145852697	0.00757041963305
HO_NF2L1_HUMAN.H10MO.C.bed	-0.0245131372912	-3.07918866171	0.00146562835895	0.00802963912895
HO_ZFX_HUMAN.H10MO.C.bed	0.0393500623757	2.64677317643	0.00600220103604	0.00999327497169
HO_GABP1_HUMAN.H10MO.C.bed	-0.0963190978202	-3.13578891419	0.00139578722904	0.0104034838815
HO_ZEB1_HUMAN.H10MO.B.bed	0.0296523005909	2.82672048195	0.00289927524669	0.0113319233727
HO_NR1I3_HUMAN.H10MO.S.bed	-0.0227016741106	-2.5258129751	0.00787156714779	0.0114414388701
HO_KAISO_HUMAN.H10MO.A.bed	-0.0964950556255	-2.35083471606	0.0113490302697	0.0120442523227
HO_MECP2_HUMAN.H10MO.C.bed	0.0284641203294	2.4364075116	0.00981828143832	0.012561912978
HO_KLF3_HUMAN.H10MO.D.bed	0.0521285805558	2.53174093711	0.00679498447004	0.0136538716153
HO_FOXC2_HUMAN.H10MO.D.bed	-0.0347301112734	-2.38949879481	0.0099970197424	0.0151491481203
HO_RARB_HUMAN.H10MO.D.bed	0.0200244726969	2.5295743892	0.0062381577567	0.0156197621955
HO_GATA6_HUMAN.H10MO.S.bed	-0.0264142442215	-2.63435039749	0.00716844588789	0.0158995633707
HO_GLI1_HUMAN.H10MO.C.bed	-0.0743583380666	-2.41165455185	0.00954991821121	0.0161092041405
HO_KLF4_HUMAN.H10MO.A.bed	-0.0296042247047	-2.78321627076	0.00412895687363	0.0162371862331
HO_WT1_HUMAN.H10MO.D.bed	-0.0352859967837	-2.61955749748	0.00558593052241	0.0163496870542
HO_FOXD3_HUMAN.H10MO.D.bed	-0.0230782103755	-2.69785374773	0.00465703960757	0.0164926098809
HO_TWST1_HUMAN.H10MO.D.bed	0.041251870057	2.50208418218	0.00837111947336	0.0165104233305
HO_TGIF1_HUMAN.H10MO.S.bed	0.0224665149029	2.47983467176	0.00843288681909	0.0171059507944
HO_PAX2_HUMAN.H10MO.S.bed	0.0226035224808	2.22066066321	0.0165352646818	0.0171229477561
HO_ELF1_HUMAN.H10MO.A.bed	-0.051227334906	-2.60264280048	0.00620826158133	0.0194121740177
HO_PRRX2_HUMAN.H10MO.C.bed	-0.0226184557647	-2.84349181599	0.00370069266815	0.0196044958701
HO_NFIL3_HUMAN.H10MO.C.bed	-0.0503217138091	-2.12367696099	0.0177197971454	0.0206516181276
HO_OLIG1_HUMAN.H10MO.D.bed	-0.0665000854498	-2.45218598237	0.00993152971077	0.0208724935889
HO_EGR1_HUMAN.H10MO.A.bed	-0.0209337055227	-2.11545466589	0.0196417523785	0.0208795410856
HO_SOX15_HUMAN.H10MO.D.bed	-0.0236488279745	-2.81211470183	0.00366511153646	0.0211651936475
HO_HES5_HUMAN.H10MO.D.bed	0.0439682817552	2.30205543382	0.0124340918888	0.0217766472698
HO_EGR1_HUMAN.H10MO.S.bed	-0.055264842183	-2.51821632263	0.00828191557227	0.0229814194018
HO_IRX2_HUMAN.H10MO.D.bed	0.0450319039348	2.3358166511	0.0124822230183	0.0236719081501
HO_KLF13_HUMAN.H10MO.D.bed	-0.0372371998717	-2.72515683186	0.00489377260905	0.0243171181582
HO_EGR2_HUMAN.H10MO.C.bed	-0.0426681988049	-2.56867757638	0.00695175291794	0.025609618508
HO_ELF2_HUMAN.H10MO.C.bed	-0.0358638412603	-2.40390517983	0.0103630945117	0.0258472512918
HO_SPIB_HUMAN.H10MO.B.bed	-0.0237760138976	-2.04149493151	0.0252738470181	0.0260878195468
HO_FOXF1_HUMAN.H10MO.D.bed	-0.025871415401	-2.81259160447	0.00439254854017	0.0276041530809
HO_FOXD1_HUMAN.H10MO.D.bed	-0.0355580252547	-2.01347422123	0.0284849528947	0.0295450725008
HO_MYCN_HUMAN.H10MO.B.bed	0.0289481292817	2.0965486194	0.0240034137875	0.0296458347549
HO_ZN713_HUMAN.H10MO.D.bed	0.0208275306847	2.23225311817	0.0197156455963	0.0311274109045
HO_KLF14_HUMAN.H10MO.D.bed	-0.0461156719999	-2.25047363988	0.0138769063454	0.0312108665522
HO_ETV1_HUMAN.H10MO.B.bed	0.0349179544415	2.20486454366	0.016938824848	0.0312904516644
HO_SPI1_HUMAN.H10MO.A.bed	-0.0372062764914	-2.48541742571	0.00825549815306	0.0318781585308
HO_RARA_HUMAN.H10MO.C.bed	0.0660640106602	2.34322473574	0.0140457073423	0.0319265900936
HO_ZN350_HUMAN.H10MO.C.bed	0.0571460863098	1.92885681912	0.0303892415572	0.0334125280243
HO_SMAD1_HUMAN.H10MO.D.bed	0.0326222668463	1.89271047317	0.0337572961842	0.0338100419595
HO_TEF_HUMAN.H10MO.D.bed	-0.036870459431	-2.07860531962	0.0203030380628	0.0347046597287
HO_MYOG_HUMAN.H10MO.D.bed	0.0403740916169	2.06600046496	0.0241543104035	0.0349501421414
HO_ETS2_HUMAN.H10MO.C.bed	0.0333544782295	2.04502816191	0.0226873822524	0.0349582019802
HO_ATF1_HUMAN.H10MO.B.bed	-0.0816553673675	-2.37363763106	0.0111308010212	0.0349747228165
HO_NFYA_HUMAN.H10MO.A.bed	-0.0368024848256	-1.97336553446	0.0291259847271	0.0355614404002
HO_ZKSC1_HUMAN.H10MO.C.bed	0.0330973180762	2.02637204284	0.0268633065349	0.0360993280689
HO_FOXO1_HUMAN.H10MO.C.bed	-0.0170076979041	-2.14681478152	0.0202189532849	0.0361012508513
HO_SOX10_HUMAN.H10MO.D.bed	-0.0193814974972	-2.46108361436	0.00907427910515	0.0361280304745
HO_ZIC3_HUMAN.H10MO.C.bed	-0.0546708569915	-2.18042985671	0.0199584488162	0.0388856100037
HO_ERG_HUMAN.H10MO.B.bed	-0.112673147666	-2.37230050043	0.00940654652915	0.0396683968762
HO_STF1_HUMAN.H10MO.B.bed	0.0228488058654	1.83716452611	0.0358486298577	0.0396873432448
HO_MCR_HUMAN.H10MO.D.bed	-0.0396831379904	-2.13996696315	0.0201401582863	0.0420516008518
HO_NDF1_HUMAN.H10MO.C.bed	0.037229710929	1.95694662009	0.0295622439711	0.0431649165957
HO_ERR1_HUMAN.H10MO.D.bed	0.0313801902132	1.93909953544	0.0337473307185	0.0432640779811
HO_CLOCK_HUMAN.H10MO.D.bed	-0.0243379253361	-2.11074318115	0.023449137766	0.0440788777361
HO_E2F1_HUMAN.H10MO.A.bed	-0.0572389565565	-1.77527654715	0.0433418768415	0.044594130105
HO_SOX8_HUMAN.H10MO.D.bed	0.0492036510049	2.06043419448	0.0232613679125	0.0449112555177
HO_ESR1_HUMAN.H10MO.S.bed	0.0532531059633	1.86189904039	0.0390965003474	0.0450734833142
HO_KLF1_HUMAN.H10MO.C.bed	0.0325352112764	2.20156993424	0.0190826273254	0.0451363989506
HO_FOXG1_HUMAN.H10MO.D.bed	0.0136112397069	1.68424107397	0.04321369025	0.0460898094014
HO_NKX21_HUMAN.H10MO.D.bed	-0.0403914204331	-1.91834610674	0.0283567940881	0.0466069359243
HO_NFIC_HUMAN.H10MO.A.bed	0.038148630978	2.19737161876	0.0158863393275	0.0471441829116
HO_PPARD_HUMAN.H10MO.D.bed	0.04483304196	1.79631890012	0.0445531784632	0.0481595065682
HO_PBX2_HUMAN.H10MO.C.bed	-0.0457567907829	-2.60247886948	0.00661381156636	0.0498759201651
HO_ATF2_HUMAN.H10MO.B.bed	-0.0638798278823	-1.75589943059	0.0474117275981	0.0499029842206
HO_RREB1_HUMAN.H10MO.D.bed	0.0240924472391	1.76909901998	0.0472826546632	0.0527098811115
HO_NKX31_HUMAN.H10MO.C.bed	0.0241128359543	1.89585010639	0.0341687041268	0.0536817140815
HO_SOX7_HUMAN.H10MO.D.bed	0.0756610610119	1.91291687415	0.0358496809582	0.054197277109
HO_TYY2_HUMAN.H10MO.D.bed	-0.0840986810281	-2.66009390224	0.00551868747318	0.0544227487739
HO_PROX1_HUMAN.H10MO.D.bed	0.0303121588764	2.03090744094	0.0254946979244	0.0563520736881
HO_SRBP1_HUMAN.H10MO.B.bed	0.0301483888063	1.83187854673	0.0415716697558	0.057678442237
HO_COE1_HUMAN.H10MO.A.bed	0.0360541749739	1.97956401991	0.0298831750189	0.0594879353637
HO_ATF3_HUMAN.H10MO.A.bed	-0.0544560007534	-1.7482219194	0.0460914530265	0.0604184486503
HO_SOX3_HUMAN.H10MO.D.bed	-0.0303620630206	-1.63883118252	0.0573124973905	0.0612288513789
HO_PAX5_HUMAN.H10MO.A.bed	0.0154790251724	1.63024760813	0.0564776758233	0.0627420974051
HO_NFIA_HUMAN.H10MO.S.bed	0.016898993985	1.97721983446	0.0288536674588	0.0629088463983
HO_E4F1_HUMAN.H10MO.D.bed	-0.110578479958	-1.69837599553	0.0512066851217	0.0646131597697
HO_REST_HUMAN.H10MO.A.bed	-0.0536801281546	-1.70621741283	0.0541120529549	0.0654449546115
HO_FOXF2_HUMAN.H10MO.D.bed	-0.0233358310688	-1.60868746317	0.0630795379648	0.0665032628872
HO_PAX6_HUMAN.H10MO.D.bed	0.0759248176431	1.58036926	0.0636163533325	0.0672905651586
HO_NKX28_HUMAN.H10MO.C.bed	0.0322798917574	1.8048899041	0.0405643182366	0.0673619896105
HO_NANOG_HUMAN.H10MO.S.bed	-0.0200288036206	-1.61823298104	0.0586955241535	0.0681591140985
HO_HXC10_HUMAN.H10MO.D.bed	-0.0147024349894	-1.85369789909	0.0408814226381	0.0695092623635
HO_GATA5_HUMAN.H10MO.D.bed	-0.0245587221934	-1.66490762413	0.0584256560472	0.0703963261772
HO_SCRT1_HUMAN.H10MO.D.bed	-0.0581607201489	-1.71448179538	0.0539301966405	0.0704058167954
HO_HES7_HUMAN.H10MO.D.bed	0.0455659725766	2.27141932513	0.0166492700166	0.0711478805377
HO_MNX1_HUMAN.H10MO.D.bed	-0.0154347483479	-1.54822089557	0.0677169751489	0.0711583296237
HO_TEAD4_HUMAN.H10MO.A.bed	0.0219008864144	1.61254082542	0.0685544250824	0.071221047776
HO_PURA_HUMAN.H10MO.D.bed	-0.0165163374672	-1.59459043981	0.0627319363221	0.0718056628258
HO_TBX15_HUMAN.H10MO.D.bed	-0.0175783332685	-1.97747541667	0.0313331441366	0.0730347105148
HO_FOXJ3_HUMAN.H10MO.A.bed	-0.0125533524307	-1.55132572164	0.0692310859185	0.0737161562687
HO_HLF_HUMAN.H10MO.C.bed	-0.0512784592445	-1.50368664096	0.0759472352671	0.0776430268041
HO_HXD4_HUMAN.H10MO.D.bed	-0.0155806851627	-1.59954166857	0.0657148566551	0.0777181238301
HO_SRF_HUMAN.H10MO.A.bed	0.0194783732363	1.7953386068	0.0437172136845	0.0784950531422
HO_NR5A2_HUMAN.H10MO.C.bed	0.0208162420863	1.70081467352	0.053320867525	0.0791173057489
HO_RORG_HUMAN.H10MO.C.bed	0.040070921574	1.60326277902	0.049755851067	0.0791401998361
HO_CREB1_HUMAN.H10MO.A.bed	-0.0755110130283	-1.92698448577	0.0322037538584	0.081270103241
HO_PITX1_HUMAN.H10MO.D.bed	-0.0307307217586	-1.67220004661	0.0563621075175	0.0817378075084
HO_PKNX2_HUMAN.H10MO.D.bed	0.0285154715399	1.53079185218	0.0700575156391	0.0822470101185
HO_RARG_HUMAN.H10MO.C.bed	0.0305271403229	1.60641403746	0.0644700427538	0.0853828458785
HO_MUSC_HUMAN.H10MO.D.bed	0.165201877169	1.44908751066	0.0795015503292	0.0868151512112
HO_NANOG_HUMAN.H10MO.A.bed	-0.026282200631	-1.62430449153	0.0594877897282	0.0886783098041
HO_HIC2_HUMAN.H10MO.D.bed	0.0264712349611	1.49860485162	0.0686944688238	0.0889558677092
HO_TBX3_HUMAN.H10MO.D.bed	0.031855049339	1.55009223861	0.0648050639614	0.0895259612054
HO_CDC5L_HUMAN.H10MO.D.bed	0.0315614517496	1.45587320016	0.077321202197	0.0912760416359
HO_BATF_HUMAN.H10MO.S.bed	-0.0231596491545	-1.44134823943	0.0840867998382	0.0921361345236
HO_NFKB2_HUMAN.H10MO.D.bed	0.0361765565439	1.64549984108	0.0602636281206	0.0921932831153
HO_FUBP1_HUMAN.H10MO.D.bed	-0.0125077911585	-1.48442251607	0.0760353359201	0.0933690619249
HO_HNF4G_HUMAN.H10MO.C.bed	0.0315273136542	1.37202867572	0.0842830115884	0.0937941153267
HO_PLAG1_HUMAN.H10MO.D.bed	0.0242000909935	1.58457188677	0.0689419709526	0.0940251135758
HO_HEN1_HUMAN.H10MO.C.bed	0.0563783846022	1.87733691238	0.0352540138574	0.0953494636397
HO_HBP1_HUMAN.H10MO.D.bed	-0.0258611978703	-1.52897550909	0.0696581412779	0.0990041431466
HO_TFEB_HUMAN.H10MO.C.bed	-0.0401180535354	-1.40060218832	0.0923681375002	0.100013473205
HO_IRF4_HUMAN.H10MO.C.bed	0.0256927520547	2.42520617422	0.00898972207486	0.101094944737
HO_HMX1_HUMAN.H10MO.D.bed	0.0221547664245	1.51408140317	0.0761598945479	0.101493747204
HO_RUNX2_HUMAN.H10MO.B.bed	0.020771396179	1.37270636236	0.0941836408444	0.103023402357
HO_PRGR_HUMAN.H10MO.C.bed	0.0255692223805	1.46091914296	0.0774988351784	0.103493236144
HO_RFX5_HUMAN.H10MO.A.bed	0.0239963889596	1.37803626191	0.091582910511	0.10408625113
HO_ESR1_HUMAN.H10MO.A.bed	0.0358257419775	1.56219770445	0.0720491573775	0.108411995021
HO_BCL6_HUMAN.H10MO.C.bed	0.0195891527879	1.27896058212	0.108347871446	0.109028234846
HO_USF2_HUMAN.H10MO.A.bed	-0.0672220357174	-2.0351194512	0.0252744667319	0.109465764697
HO_GATA3_HUMAN.H10MO.C.bed	0.0208543043227	1.69234513601	0.055291207371	0.109726513699
HO_ZBTB4_HUMAN.H10MO.D.bed	0.064747083332	1.91480225675	0.0317008656695	0.109839215644
HO_PRGR_HUMAN.H10MO.S.bed	-0.0113208544914	-1.46899468324	0.0836538751127	0.110107051226
HO_CTCF_HUMAN.H10MO.A.bed	0.0250545740654	1.43658959462	0.0814975510673	0.110912803045
HO_ZBTB6_HUMAN.H10MO.D.bed	0.0540947245961	1.7091326718	0.0526468515806	0.111008657445
HO_DLX5_HUMAN.H10MO.D.bed	0.018209789389	1.56979958001	0.0707920697764	0.112043745004
HO_STAT3_HUMAN.H10MO.A.bed	0.0244339714644	1.70387911097	0.0523233929472	0.112547969393
HO_PO4F2_HUMAN.H10MO.D.bed	0.0324833252734	1.62881123293	0.0615117387205	0.114287027594
HO_FLI1_HUMAN.H10MO.A.bed	-0.0269195312381	-1.42334988315	0.0833728427388	0.114436814123
HO_PO2F2_HUMAN.H10MO.D.bed	-0.0238766537432	-1.42351076789	0.0876228555281	0.114625000803
HO_DLX6_HUMAN.H10MO.D.bed	0.0149842115922	1.53434796136	0.0672806355045	0.114699168506
HO_TAL1_HUMAN.H10MO.S.bed	0.0387030779762	1.25048033053	0.115488403916	0.117318648035
HO_AP2B_HUMAN.H10MO.B.bed	0.0424876109492	2.56171696317	0.00660024411148	0.117521013207
HO_GCR_HUMAN.H10MO.S.bed	-0.0113208544914	-1.38325479902	0.0877907324828	0.118222393953
HO_NR2F6_HUMAN.H10MO.D.bed	0.021690005736	1.18573064475	0.114799629631	0.118306370729
HO_LBX2_HUMAN.H10MO.D.bed	0.025665658203	1.25772916212	0.109957453507	0.119462250335
HO_CRX_HUMAN.H10MO.C.bed	0.019038611138	1.57182129969	0.0667269949623	0.120146078008
HO_SOX11_HUMAN.H10MO.D.bed	0.0444238814781	1.36465951665	0.0958446029605	0.124617424945
HO_PRDM4_HUMAN.H10MO.D.bed	0.0697678982322	1.30893870128	0.105850748167	0.125416505684
HO_ZBT18_HUMAN.H10MO.D.bed	0.0456940050633	1.63165858818	0.0585487305888	0.125517512734
HO_ZBT7A_HUMAN.H10MO.D.bed	-0.0242562070141	-1.34689694586	0.100117342826	0.126828491603
HO_GBX1_HUMAN.H10MO.D.bed	0.0137778672085	1.23985103149	0.112563415272	0.127030192235
HO_PO3F2_HUMAN.H10MO.D.bed	0.0255864109931	1.86859539988	0.0317164646373	0.127064086453
HO_NFE2_HUMAN.H10MO.B.bed	-0.0291160871193	-1.22971377076	0.124645343514	0.127632053023
HO_MNT_HUMAN.H10MO.D.bed	0.0109520975886	1.2707646331	0.11823406714	0.128891219451
HO_NFAC2_HUMAN.H10MO.B.bed	-0.0155095701104	-1.44397449157	0.0892402723186	0.130006851264
HO_MBD2_HUMAN.H10MO.B.bed	0.0418550637714	1.73054987374	0.0510659370328	0.130411416885
HO_MYC_HUMAN.H10MO.A.bed	0.0399239268805	1.33914055917	0.105356479593	0.131133016348
HO_CXXC1_HUMAN.H10MO.D.bed	0.0180956590287	1.4039615114	0.082558868553	0.131970660206
HO_HNF4A_HUMAN.H10MO.A.bed	0.0298497058869	1.23428434936	0.122588423126	0.132065847435
HO_RORA_HUMAN.H10MO.B.bed	0.0330843700238	1.26410831741	0.11868287039	0.132536097422
HO_NR2C1_HUMAN.H10MO.C.bed	0.0350488731674	1.64669487319	0.0551579979214	0.133419911953
HO_HEY1_HUMAN.H10MO.D.bed	0.0386216284762	1.61258204499	0.0593281889216	0.134379396109
HO_HEY2_HUMAN.H10MO.D.bed	0.0279368583818	1.41797205696	0.0862636904716	0.134537775164
HO_MYB_HUMAN.H10MO.C.bed	0.0119534525797	1.24322200565	0.112454534255	0.135240818869
HO_SMRC1_HUMAN.H10MO.D.bed	0.0184796163282	1.39233642227	0.0955099166934	0.135446585399
HO_SUH_HUMAN.H10MO.C.bed	0.0175980817518	1.20054716259	0.130983124981	0.138319906282
HO_MYBB_HUMAN.H10MO.D.bed	0.0330751470991	1.42095866129	0.078755557909	0.139069731735
HO_NFAC1_HUMAN.H10MO.S.bed	0.0368783415872	1.6012183827	0.0656077728267	0.139716220538
HO_TFDP1_HUMAN.H10MO.S.bed	-0.0523296019042	-1.15471638713	0.136338013139	0.140052350035
HO_NKX61_HUMAN.H10MO.D.bed	0.0178899616304	1.4782856655	0.0778926899066	0.140645673888
HO_DUXA_HUMAN.H10MO.D.bed	0.0274394004155	1.31086163903	0.103618386055	0.141619158766
HO_ZSCA4_HUMAN.H10MO.D.bed	0.0434718527027	1.21196955705	0.111951164842	0.142382334651
HO_BARX2_HUMAN.H10MO.D.bed	0.016300058671	1.18177315219	0.124527881605	0.143050846074
HO_GCM2_HUMAN.H10MO.D.bed	0.0925350460814	1.66148733765	0.0510377369785	0.144757475235
HO_DDIT3_HUMAN.H10MO.C.bed	-0.0258455043397	-1.09820914885	0.143552650976	0.145366902489
HO_RX_HUMAN.H10MO.D.bed	0.0183878041644	1.26141404944	0.112911196181	0.145919509581
HO_HXC8_HUMAN.H10MO.D.bed	0.0234384904793	1.03832817964	0.145165243161	0.146306479349
HO_HLTF_HUMAN.H10MO.D.bed	0.0176267137257	1.13411363976	0.144182454091	0.146699925512
HO_FOXM1_HUMAN.H10MO.D.bed	-0.0193036089441	-2.30915777564	0.0140342654818	0.147474822521
HO_PO3F3_HUMAN.H10MO.D.bed	-0.0102759723866	-1.17269068014	0.131943828195	0.149692024553
HO_BHE41_HUMAN.H10MO.D.bed	-0.0287834096403	-1.28073492634	0.113612844768	0.150156357724
HO_KLF12_HUMAN.H10MO.D.bed	-0.0206962039784	-1.11754617479	0.146584946673	0.150337521307
HO_KAISO_HUMAN.H10MO.S.bed	0.0318135946812	1.47705705166	0.0869568691837	0.151465633551
HO_ZBT7B_HUMAN.H10MO.D.bed	-0.0471493047393	-1.52246768253	0.0761430406583	0.152524028319
HO_SMAD3_HUMAN.H10MO.C.bed	0.0288911893124	1.73142523558	0.050509006911	0.152718270896
HO_NR2E1_HUMAN.H10MO.D.bed	0.0323943674486	1.1619904379	0.142014820448	0.152737415952
HO_CUX2_HUMAN.H10MO.D.bed	-0.0525820267013	-1.66736134085	0.0526844616461	0.154911650987
HO_INSM1_HUMAN.H10MO.C.bed	0.0353758624228	1.12356723509	0.130552320703	0.154970439946
HO_BARH1_HUMAN.H10MO.D.bed	0.0313137098355	1.30975202871	0.103460902724	0.155312502684
HO_NFAT5_HUMAN.H10MO.D.bed	-0.0268374575147	-1.26735645666	0.111388330274	0.155555380622
HO_ATF7_HUMAN.H10MO.D.bed	-0.100336089311	-1.48309498378	0.0879089572701	0.155661993398
HO_IRF7_HUMAN.H10MO.C.bed	0.0240842351764	1.23228845181	0.122382322451	0.15595838706
HO_VDR_HUMAN.H10MO.B.bed	-0.0241570540596	-1.27395111088	0.116970852566	0.15653093214
HO_UBIP1_HUMAN.H10MO.D.bed	0.0223535333971	1.5530841726	0.0676500159575	0.156547509851
HO_PO4F3_HUMAN.H10MO.D.bed	0.0210862302828	1.09452111669	0.150165961239	0.156769350414
HO_FOS_HUMAN.H10MO.A.bed	0.0151914516279	1.02917168431	0.154059858723	0.157248995925
HO_DLX1_HUMAN.H10MO.D.bed	0.0125171664071	1.05395263407	0.157540797273	0.158281584721
HO_PLAG1_HUMAN.H10MO.S.bed	0.026387347907	1.1397562783	0.140969859222	0.158807873043
HO_MAFK_HUMAN.H10MO.S.bed	-0.0258298359485	-1.19623904962	0.13042170092	0.158935951121
HO_ARI3A_HUMAN.H10MO.D.bed	-0.00917834524769	-1.07793107275	0.158632490698	0.16165886572
HO_TEAD1_HUMAN.H10MO.D.bed	0.0200864420802	1.11927677805	0.138723763697	0.161970733206
HO_THB_HUMAN.H10MO.C.bed	0.0235340898194	2.42526746368	0.0101521585627	0.162688340968
HO_BHE23_HUMAN.H10MO.D.bed	-0.0286147448637	-1.4427451485	0.0848274354355	0.162797563216
HO_HXD13_HUMAN.H10MO.D.bed	0.0163396385094	1.11805425145	0.133903812099	0.163802182357
HO_ESX1_HUMAN.H10MO.D.bed	0.0197804683152	1.40375643406	0.0933637763869	0.163962138806
HO_HIC1_HUMAN.H10MO.C.bed	-0.0303150860051	-1.26722321132	0.112228926418	0.164997114298
HO_LMX1B_HUMAN.H10MO.D.bed	0.0163145479267	1.57097366037	0.0649624941192	0.165241899724
HO_MIXL1_HUMAN.H10MO.D.bed	0.0222523143769	1.18187685219	0.144631519794	0.165847592465
HO_IRF1_HUMAN.H10MO.A.bed	-0.0166529644842	-1.19326087103	0.132446800978	0.166141681853
HO_PO3F1_HUMAN.H10MO.C.bed	-0.019334958523	-1.16735614891	0.134024544159	0.167465366093
HO_BHE40_HUMAN.H10MO.A.bed	-0.0339751545363	-1.25859353435	0.113519423858	0.168050694441
HO_HXD12_HUMAN.H10MO.D.bed	-0.0134059323011	-1.49712297026	0.0742473882737	0.169973485298
HO_TLX1_HUMAN.H10MO.S.bed	0.0321374104831	1.5251013107	0.0668568249219	0.1714208991
HO_ETV5_HUMAN.H10MO.D.bed	-0.0210831647134	-1.11419521384	0.153020238824	0.171478973927
HO_TBX1_HUMAN.H10MO.D.bed	0.0214433294723	1.64553452889	0.0577618055743	0.173015501743
HO_TFAP4_HUMAN.H10MO.C.bed	0.0293368739428	1.48625000823	0.0731476339046	0.173657901233
HO_BACH1_HUMAN.H10MO.A.bed	-0.0346292729409	-1.52898690481	0.0756805285988	0.174500787165
HO_GFI1B_HUMAN.H10MO.C.bed	0.0185388877262	0.981190748475	0.174690070264	0.176340685101
HO_SOX1_HUMAN.H10MO.D.bed	-0.0313861188325	-1.21667753295	0.130297359032	0.176950438855
HO_FOXP2_HUMAN.H10MO.A.bed	0.0133317672156	1.14072964796	0.139935200279	0.180479805591
HO_NFYB_HUMAN.H10MO.A.bed	-0.020542253928	-1.0734731301	0.154853361629	0.181464359788
HO_NKX23_HUMAN.H10MO.D.bed	-0.0369777103724	-2.00434544523	0.0258456171183	0.18205539091
HO_TBR1_HUMAN.H10MO.D.bed	0.0332066749864	1.25003257107	0.1146739186	0.184225518353
HO_ZIC1_HUMAN.H10MO.B.bed	0.0143464066235	1.07630041851	0.161747627254	0.184813242549
HO_PAX3_HUMAN.H10MO.D.bed	-0.0506153580529	-1.03050247637	0.152789550711	0.185138189047
HO_NR6A1_HUMAN.H10MO.B.bed	0.0299050611759	1.22535408628	0.126223042856	0.185146385516
HO_GATA6_HUMAN.H10MO.B.bed	-0.0207866302309	-1.43311765922	0.0834856076289	0.185813453091
HO_ZN282_HUMAN.H10MO.D.bed	0.0446323324317	2.10433010441	0.0217952472925	0.186276713527
HO_MEOX1_HUMAN.H10MO.D.bed	-0.020538914748	-0.945185304539	0.186513338329	0.187097104646
HO_ALX4_HUMAN.H10MO.D.bed	0.0422904390226	1.34279126009	0.0990281731155	0.187247961555
HO_CTCFL_HUMAN.H10MO.A.bed	0.0249540693065	1.47310158176	0.0668117873078	0.187834893264
HO_NFKB1_HUMAN.H10MO.B.bed	-0.0187081516053	-0.906865332968	0.180687050441	0.18894029255
HO_NKX32_HUMAN.H10MO.C.bed	0.0298509971623	1.26793121279	0.10699285322	0.190506719205
HO_HIF1A_HUMAN.H10MO.A.bed	-0.0482455159002	-0.953141930898	0.170888672402	0.191838246952
HO_MAFG_HUMAN.H10MO.C.bed	-0.0297000434645	-1.03528791031	0.152607305744	0.192183267155
HO_PPARA_HUMAN.H10MO.S.bed	0.00937971310955	1.14636800078	0.148335087544	0.19325770552
HO_EHF_HUMAN.H10MO.S.bed	-0.0245833602858	-1.22428528941	0.112720510672	0.1947543055
HO_HMBX1_HUMAN.H10MO.D.bed	0.0209841997403	0.948338012567	0.181008316832	0.19533052372
HO_ASCL2_HUMAN.H10MO.D.bed	0.0128501063553	1.04958669418	0.15720186521	0.196043571205
HO_LHX4_HUMAN.H10MO.D.bed	0.0197461074386	1.62280530728	0.0591128272591	0.196328094679
HO_PAX4_HUMAN.H10MO.D.bed	0.0179482698807	1.04739215429	0.16217971008	0.197262228011
HO_ZBTB4_HUMAN.H10MO.S.bed	-0.0600525238565	-1.56700549116	0.0597348794706	0.197371431653
HO_NOTO_HUMAN.H10MO.D.bed	0.0218794982695	1.10608534847	0.143643871796	0.197587385882
HO_ESR2_HUMAN.H10MO.S.bed	0.00997730502497	1.09377788063	0.14460659636	0.198061598861
HO_HXB13_HUMAN.H10MO.D.bed	-0.0112058187465	-0.962004451378	0.165663584948	0.198116339462
HO_ISL2_HUMAN.H10MO.D.bed	0.0191702778817	1.1936817476	0.131305874851	0.203794348134
HO_ZIC4_HUMAN.H10MO.D.bed	-0.0527412220185	-1.0835765638	0.138127652398	0.205428828741
HO_LHX8_HUMAN.H10MO.D.bed	0.0269205209687	1.30927124769	0.10114328977	0.207133702054
HO_NFAC4_HUMAN.H10MO.C.bed	-0.012197403326	-1.0321283502	0.16780474177	0.20845511526
HO_STAT2_HUMAN.H10MO.B.bed	-0.0117741456796	-0.975039782513	0.17422852117	0.209139479532
HO_ERR2_HUMAN.H10MO.A.bed	0.026138654745	1.79413062229	0.0369936112552	0.209848715173
HO_FOXI1_HUMAN.H10MO.B.bed	-0.0391653278942	-1.56473484712	0.0689354488089	0.212440493685
HO_GLIS2_HUMAN.H10MO.D.bed	0.0834604027254	1.1961250794	0.124125567058	0.213309620602
HO_TF65_HUMAN.H10MO.A.bed	0.0174936223732	0.901873207004	0.193781178951	0.213425662728
HO_RXRG_HUMAN.H10MO.B.bed	0.0379129949223	1.06163336899	0.169676002999	0.214521337125
HO_PO6F2_HUMAN.H10MO.D.bed	0.020039516757	1.14402652267	0.136610776587	0.216751256912
HO_RFX1_HUMAN.H10MO.C.bed	-0.0284278411208	-1.08342579127	0.152106818438	0.218121858207
HO_MEIS3_HUMAN.H10MO.D.bed	0.023921636559	1.26700747665	0.11902638817	0.218612936438
HO_MAX_HUMAN.H10MO.A.bed	0.0275974017218	1.12297026106	0.131195565552	0.219572735035
HO_BHA15_HUMAN.H10MO.D.bed	0.0276519671844	1.18667453705	0.120817628157	0.220011646729
HO_HOMEZ_HUMAN.H10MO.D.bed	0.0383903046737	1.08908300117	0.145001655169	0.220774491599
HO_TF2LX_HUMAN.H10MO.D.bed	0.0348224158394	1.11172821125	0.132812436519	0.221699926586
HO_PTF1A_HUMAN.H10MO.C.bed	0.0353475218634	1.77472923711	0.0457037296055	0.223634279978
HO_NR4A3_HUMAN.H10MO.D.bed	0.0295518898595	1.39143581741	0.0954822449575	0.224190912153
HO_NF2L2_HUMAN.H10MO.D.bed	-0.0170035765228	-0.808944434213	0.215182617812	0.224279769134
HO_MEIS1_HUMAN.H10MO.C.bed	0.0212863279965	0.821385940095	0.213684644293	0.226399763623
HO_NR2C2_HUMAN.H10MO.A.bed	-0.0193059916614	-0.993774960591	0.177101073463	0.227498573327
HO_ZN384_HUMAN.H10MO.C.bed	-0.0139100517594	-0.789483467109	0.225505957413	0.228717276427
HO_HMGA1_HUMAN.H10MO.D.bed	-0.0183852815904	-1.89035360028	0.0337812393279	0.230359302225
HO_HESX1_HUMAN.H10MO.D.bed	0.0576904201173	1.82373932863	0.0433518716449	0.231571247703
HO_ZN232_HUMAN.H10MO.D.bed	0.0432404716136	1.00730716018	0.168246429543	0.232928642197
HO_RHXF1_HUMAN.H10MO.D.bed	0.0335877203861	1.28637575421	0.111939157079	0.232964284701
HO_HAND1_HUMAN.H10MO.D.bed	0.0155363171593	0.82526546126	0.202033265472	0.233760511133
HO_NDF2_HUMAN.H10MO.D.bed	0.0404963909481	1.30261083688	0.0981198035675	0.233809643445
HO_ZN333_HUMAN.H10MO.D.bed	-0.0321302427008	-1.15957464178	0.131406187156	0.235283145159
HO_HSFY1_HUMAN.H10MO.D.bed	0.0832625541326	1.27715939502	0.111223681218	0.236074104836
HO_FOSB_HUMAN.H10MO.C.bed	0.0120886097232	0.836740659017	0.228230465146	0.239045307448
HO_PBX1_HUMAN.H10MO.B.bed	0.0206653065534	1.01160586989	0.169088888662	0.23926264378
HO_HXB2_HUMAN.H10MO.D.bed	0.0226818370255	0.969569965872	0.180452674357	0.239979593906
HO_TF7L1_HUMAN.H10MO.D.bed	-0.0347302788043	-0.799685604802	0.216762004855	0.240388313343
HO_GRHL1_HUMAN.H10MO.D.bed	0.0668979196446	0.876572597601	0.197021730767	0.241474052432
HO_TLX1_HUMAN.H10MO.D.bed	0.0126338472332	0.761503866608	0.225266563698	0.241869124507
HO_NGN2_HUMAN.H10MO.D.bed	-0.0287161388908	-1.32402901148	0.0989813784131	0.244027167549
HO_ZN524_HUMAN.H10MO.D.bed	0.0649770851194	1.73014499186	0.0452327629712	0.245713568343
HO_HXB1_HUMAN.H10MO.D.bed	0.0307572397256	1.27514911841	0.107984924851	0.246328600816
HO_DRGX_HUMAN.H10MO.D.bed	0.0291370338229	1.17102633663	0.123576361267	0.246767749447
HO_OLIG3_HUMAN.H10MO.D.bed	-0.0213524298682	-0.869880731681	0.197228293635	0.246920578555
HO_TEAD3_HUMAN.H10MO.D.bed	0.0186472722573	1.24406430946	0.114204482925	0.247314437685
HO_HXA9_HUMAN.H10MO.D.bed	0.0192272576914	0.735438278044	0.245173086651	0.247880045021
HO_IRF2_HUMAN.H10MO.C.bed	-0.0146872660294	-0.811362337795	0.208325339159	0.248671401119
HO_PO6F1_HUMAN.H10MO.D.bed	-0.0238978618329	-0.948462417115	0.188542767146	0.248674719631
HO_PAX2_HUMAN.H10MO.D.bed	-0.0274028937389	-0.766540943248	0.23048097846	0.249980215217
HO_HXA13_HUMAN.H10MO.C.bed	0.0129916204611	0.748581772107	0.233838554936	0.250653032967
HO_ZN589_HUMAN.H10MO.D.bed	0.0483958364547	1.44073864091	0.0919604402005	0.250836775185
HO_TBX21_HUMAN.H10MO.D.bed	0.0320422864852	1.19418262709	0.132592802035	0.252952339596
HO_HXD10_HUMAN.H10MO.D.bed	-0.017567919889	-1.2828874626	0.106169731812	0.254886884237
HO_NR1D1_HUMAN.H10MO.C.bed	0.0363691438855	1.56400470373	0.0624588302405	0.255007071237
HO_FOXL1_HUMAN.H10MO.D.bed	0.00957092442183	1.00091729245	0.166514179486	0.255348299164
HO_P5F1B_HUMAN.H10MO.D.bed	-0.013709838754	-0.832345065705	0.206952560807	0.256093805941
HO_GLI2_HUMAN.H10MO.B.bed	0.026570485874	0.787522659393	0.231939512949	0.256333151379
HO_MSX1_HUMAN.H10MO.D.bed	0.0155272252739	0.815088861163	0.219637881495	0.258801253747
HO_CREB3_HUMAN.H10MO.D.bed	0.0659659956802	1.04139397858	0.153479707621	0.259579136108
HO_NR4A2_HUMAN.H10MO.C.bed	0.0121981135274	0.683659345949	0.240628484212	0.264114483528
HO_CEBPB_HUMAN.H10MO.A.bed	-0.0226409681675	-1.11375498018	0.143495066174	0.26816424903
HO_ESR2_HUMAN.H10MO.A.bed	0.0189602288109	0.811015791664	0.217240049226	0.269344045559
HO_RUNX3_HUMAN.H10MO.C.bed	0.00926173860225	0.685025327001	0.257067897865	0.269689889577
HO_ENOA_HUMAN.H10MO.A.bed	0.0287992437917	1.29393535424	0.103194777201	0.27109775486
HO_FOXJ3_HUMAN.H10MO.S.bed	0.0134476896952	1.48077223166	0.0878295509583	0.271974599827
HO_TFE2_HUMAN.H10MO.C.bed	0.0198034845794	1.07429320928	0.156956548834	0.274139367309
HO_RFX2_HUMAN.H10MO.C.bed	-0.0429822961626	-1.40531954048	0.0917201523319	0.276021679083
HO_DLX4_HUMAN.H10MO.D.bed	0.0113583966878	0.96624857317	0.177068280559	0.277507989824
HO_HXA2_HUMAN.H10MO.D.bed	-0.0136493657143	-0.804833689432	0.207594476961	0.278385062201
HO_OTX1_HUMAN.H10MO.D.bed	0.0165455962591	1.00344868997	0.167186326343	0.281276732771
HO_ALX1_HUMAN.H10MO.B.bed	0.0204518092089	1.07696877269	0.146184892839	0.283095215437
HO_CENPB_HUMAN.H10MO.D.bed	-0.116563700835	-0.662865398927	0.255558608588	0.285886680812
HO_ATF6A_HUMAN.H10MO.B.bed	0.0422229282855	0.9279082918	0.186315110271	0.286398047203
HO_GSX2_HUMAN.H10MO.D.bed	-0.0105014063292	-0.793417837036	0.241009748775	0.286618272662
HO_PAX1_HUMAN.H10MO.D.bed	-0.0877433980202	-0.983522434557	0.158911731551	0.288562096103
HO_ZN143_HUMAN.H10MO.A.bed	0.0162952998533	0.868281996602	0.219935852471	0.28889115048
HO_GATA4_HUMAN.H10MO.B.bed	0.0115174981737	0.882194520158	0.205643324773	0.289708508086
HO_E2F3_HUMAN.H10MO.B.bed	-0.0804188168338	-1.11168280132	0.152834501658	0.290703013539
HO_NKX62_HUMAN.H10MO.D.bed	0.00852937529262	0.68759248682	0.252183482156	0.292313945862
HO_EHF_HUMAN.H10MO.C.bed	-0.00604290159974	-0.669354558353	0.26289965935	0.2956468099
HO_PO3F4_HUMAN.H10MO.D.bed	-0.0121097651913	-0.803433258527	0.218949975807	0.296090579097
HO_VENTX_HUMAN.H10MO.D.bed	-0.015213166169	-0.862458722652	0.191026047482	0.298652918136
HO_MAFB_HUMAN.H10MO.D.bed	0.0224389170277	0.991536405146	0.173334353567	0.298675593109
HO_PLAL1_HUMAN.H10MO.D.bed	-0.0342173809644	-1.07635758	0.142920187327	0.299385098289
HO_FIGLA_HUMAN.H10MO.D.bed	0.024315036807	1.40836544098	0.0860857262789	0.299896470352
HO_ONEC3_HUMAN.H10MO.D.bed	-0.0156479331204	-1.37343342524	0.0887589526296	0.3026302587
HO_ZBT49_HUMAN.H10MO.D.bed	-0.0302623976558	-0.998496688297	0.175141674731	0.303421117574
HO_FOSL2_HUMAN.H10MO.A.bed	0.0113520121393	0.862617716848	0.193687839346	0.305046449682
HO_HNF1B_HUMAN.H10MO.B.bed	-0.0207873636153	-0.883844993442	0.196305401337	0.305416898682
HO_E2F2_HUMAN.H10MO.B.bed	-0.0625233903215	-0.769591730359	0.237199226962	0.307782802597
HO_STAT4_HUMAN.H10MO.D.bed	0.0128688855913	0.917586184057	0.187957651802	0.311320038256
HO_ZN652_HUMAN.H10MO.D.bed	0.0274714535489	1.09026449077	0.150565578208	0.311330760101
HO_MLX_HUMAN.H10MO.D.bed	0.038208979488	1.12137370563	0.130973821468	0.313262013286
HO_ETS1_HUMAN.H10MO.C.bed	-0.0118447656252	-0.604034405614	0.266958693148	0.31398260974
HO_TFE3_HUMAN.H10MO.C.bed	0.0130253437316	0.662406050559	0.260672357202	0.314672280539
HO_RFX4_HUMAN.H10MO.D.bed	0.0208538315579	0.659379787463	0.277231530039	0.315640161199
HO_THB_HUMAN.H10MO.S.bed	-0.0226489433239	-0.878364335365	0.191263768595	0.315979576468
HO_ARX_HUMAN.H10MO.D.bed	0.0164267556838	0.818600726907	0.21300341445	0.319007450146
HO_NOBOX_HUMAN.H10MO.C.bed	-0.0257780040339	-1.44626289169	0.0867464183179	0.321413029721
HO_BARH2_HUMAN.H10MO.D.bed	-0.0170349224582	-1.0486250682	0.158003865666	0.321525326642
HO_TGIF1_HUMAN.H10MO.D.bed	-0.0171042067269	-0.888135895582	0.18794018678	0.322111389641
HO_BATF3_HUMAN.H10MO.D.bed	-0.0344279640264	-1.03355717824	0.173059417629	0.322474089246
HO_MAFA_HUMAN.H10MO.D.bed	0.0255229195809	1.11386819803	0.1525847799	0.322794864409
HO_ANDR_HUMAN.H10MO.A.bed	0.0144958869223	0.692421634593	0.262158379149	0.323160617375
HO_HXD8_HUMAN.H10MO.D.bed	-0.00929353536935	-0.750078425294	0.232840214263	0.323753963866
HO_DBP_HUMAN.H10MO.B.bed	0.0136109858526	0.676222114821	0.263397893316	0.324065354348
HO_ZN423_HUMAN.H10MO.D.bed	0.0860175358523	1.53839605438	0.0784192024734	0.324301347003
HO_NFIA_HUMAN.H10MO.C.bed	0.0265598614828	1.09338236858	0.147230391229	0.324311617793
HO_MEOX2_HUMAN.H10MO.D.bed	-0.00826365570173	-0.638822187924	0.27302221472	0.327116335768
HO_MITF_HUMAN.H10MO.C.bed	0.0143110914806	0.771446908334	0.226675945131	0.327250632498
HO_E2F7_HUMAN.H10MO.D.bed	-0.0465488814553	-0.815461492278	0.216345324465	0.328619319862
HO_BATF_HUMAN.H10MO.A.bed	0.0214533376326	1.01690987641	0.17078743804	0.328752996347
HO_ZN410_HUMAN.H10MO.D.bed	-0.0610673955697	-0.871971512119	0.198995503768	0.333916539046
HO_MAFK_HUMAN.H10MO.A.bed	-0.0250875688023	-0.773270065862	0.219033114773	0.334286253737
HO_LHX6_HUMAN.H10MO.D.bed	0.0227237803951	0.916298720985	0.181563852195	0.334432267979
HO_FOXJ2_HUMAN.H10MO.C.bed	-0.0123246465401	-1.47273143198	0.0816292390046	0.335412450013
HO_NFAC3_HUMAN.H10MO.B.bed	0.00929054759396	0.760593369725	0.242512201538	0.339411181628
HO_HXB3_HUMAN.H10MO.D.bed	0.0175658803616	1.31657495956	0.0993888346841	0.340685791618
HO_REL_HUMAN.H10MO.C.bed	0.018192679472	1.04280397314	0.165887112204	0.341908806825
HO_JUN_HUMAN.H10MO.A.bed	0.0161715619977	1.02136360081	0.165172482455	0.342639356808
HO_STAT1_HUMAN.H10MO.A.bed	0.0182119224103	0.662368864775	0.253740643153	0.343864169685
HO_TBX20_HUMAN.H10MO.D.bed	0.0208528581698	0.782186577996	0.232896346982	0.351262490389
HO_RFX3_HUMAN.H10MO.B.bed	-0.0204891686825	-0.676639711915	0.250505725327	0.351365798544
HO_LEF1_HUMAN.H10MO.C.bed	-0.00546171208652	-0.638463842945	0.282626919751	0.355223246197
HO_HXB7_HUMAN.H10MO.C.bed	0.0131434033571	0.756986192163	0.240711501785	0.35552090471
HO_MEF2C_HUMAN.H10MO.C.bed	0.00767724781503	0.733123909226	0.244244577167	0.359909825204
HO_CDX1_HUMAN.H10MO.C.bed	0.0120034012991	1.28439197543	0.115065986708	0.363336440788
HO_HSF2_HUMAN.H10MO.A.bed	0.010276890712	0.466261296357	0.331353493195	0.365572442578
HO_HXA5_HUMAN.H10MO.D.bed	0.0198920321168	1.09228592458	0.146144144684	0.370270342855
HO_ETV7_HUMAN.H10MO.D.bed	0.0258831418569	1.07591819629	0.170076420695	0.372078449371
HO_NR1I3_HUMAN.H10MO.C.bed	0.0276650998112	1.10124186744	0.14145947809	0.373150310517
HO_CREB5_HUMAN.H10MO.D.bed	-0.0874053696324	-1.44768380845	0.084777462379	0.377377454062
HO_TFCP2_HUMAN.H10MO.D.bed	0.0392863653948	1.87517416774	0.0349847676185	0.380088746499
HO_ZN784_HUMAN.H10MO.D.bed	0.0144690435848	0.571645369311	0.295523744228	0.380382971988
HO_CEBPE_HUMAN.H10MO.A.bed	-0.0322747100058	-1.14807962773	0.132045876398	0.381267598068
HO_GSC2_HUMAN.H10MO.D.bed	-0.038554247862	-1.21202751142	0.119066818606	0.381609153633
HO_ERR3_HUMAN.H10MO.B.bed	0.0368514944846	1.64016664887	0.0603930394559	0.383286517735
HO_EVX1_HUMAN.H10MO.D.bed	0.00672298186423	0.630285406676	0.261960065678	0.383370781049
HO_TBX4_HUMAN.H10MO.D.bed	0.0157114907583	0.658326390999	0.257508026903	0.384761410828
HO_NFYC_HUMAN.H10MO.B.bed	-0.0292840251247	-1.27934908494	0.119479386235	0.38485571144
HO_ZEP2_HUMAN.H10MO.D.bed	0.0230749768767	0.863500440148	0.198660051349	0.385882099741
HO_DLX3_HUMAN.H10MO.C.bed	-0.0196309615301	-0.885688510375	0.191070448712	0.386360118688
HO_STAT6_HUMAN.H10MO.C.bed	0.0236852676259	1.3140731952	0.104323680656	0.38878767035
HO_MLXPL_HUMAN.H10MO.D.bed	0.0387795852795	1.10572604257	0.14208204498	0.390878072241
HO_IRX3_HUMAN.H10MO.D.bed	-0.00839070590063	-0.702441330212	0.245821174534	0.391968589245
HO_IRF9_HUMAN.H10MO.C.bed	0.0152879363235	0.753681487239	0.242398966112	0.392368023428
HO_BCL6B_HUMAN.H10MO.D.bed	0.0303759979138	0.801233179896	0.216301167845	0.39501153444
HO_DPRX_HUMAN.H10MO.D.bed	-0.0357271530055	-0.779527380032	0.227445120088	0.395101143568
HO_HXB6_HUMAN.H10MO.D.bed	0.0260183536121	1.14822864158	0.12747536796	0.396658790595
HO_MYBA_HUMAN.H10MO.D.bed	-0.099274978491	-1.32053932746	0.104583704388	0.399036634006
HO_PROP1_HUMAN.H10MO.D.bed	0.0136224171233	1.02791184932	0.15334849456	0.399578800865
HO_MEF2D_HUMAN.H10MO.C.bed	0.0141157044698	0.854246594615	0.21387432097	0.400858010941
HO_CREM_HUMAN.H10MO.C.bed	-0.029355097084	-0.860533931609	0.205089322242	0.402025246351
HO_GLIS1_HUMAN.H10MO.D.bed	-0.0327666279737	-0.630770428841	0.260882852925	0.40392731576
HO_ISL1_HUMAN.H10MO.D.bed	-0.0187289752401	-1.97609473908	0.0305321299529	0.407731152079
HO_OVOL1_HUMAN.H10MO.C.bed	-0.0195540568853	-0.897908684715	0.185796446953	0.407861378413
HO_FOXC1_HUMAN.H10MO.C.bed	-0.0402391048566	-2.04382036432	0.0237670021264	0.411747253054
HO_OTX2_HUMAN.H10MO.C.bed	-0.018361824285	-1.11121491463	0.149654399184	0.413484783952
HO_FOXA2_HUMAN.H10MO.A.bed	0.00687434475044	0.467195249269	0.324556321185	0.414423509721
HO_HXC6_HUMAN.H10MO.D.bed	0.0153457680485	1.07882992338	0.155232514858	0.4146001751
HO_PITX3_HUMAN.H10MO.D.bed	-0.0326427746024	-1.50495509563	0.070278855591	0.429035680322
HO_SPIC_HUMAN.H10MO.D.bed	0.0102211729772	1.11082958869	0.144348102677	0.430358761936
HO_E2F8_HUMAN.H10MO.D.bed	0.0184740460607	0.874459942557	0.193178737129	0.432963533216
HO_ELK3_HUMAN.H10MO.D.bed	0.0165091311818	0.883566738408	0.201028806408	0.433870252215
HO_PPARG_HUMAN.H10MO.S.bed	0.0210387461888	1.47998988872	0.0701019472576	0.436265516429
HO_EVI1_HUMAN.H10MO.B.bed	-0.0245209568468	-1.04501986928	0.167814444761	0.44450024418
HO_FOXA1_HUMAN.H10MO.A.bed	0.0165789035904	1.37310913878	0.0923604117545	0.448507757081
HO_BHE22_HUMAN.H10MO.D.bed	-0.0343084621628	-1.71863354701	0.0540747055893	0.450154367309
HO_DLX2_HUMAN.H10MO.D.bed	-0.0123653519747	-1.36524384569	0.0950410885575	0.451269168632
HO_JUND_HUMAN.H10MO.A.bed	0.0112816723297	0.72979838587	0.247197329846	0.452724252661
HO_PRRX1_HUMAN.H10MO.D.bed	-0.00544748280564	-0.675592180212	0.237509984511	0.454459403199
HO_PKNX1_HUMAN.H10MO.D.bed	-0.0194047220769	-0.915255906371	0.202895699755	0.457944167406
HO_TBP_HUMAN.H10MO.C.bed	0.0136796051554	0.979345012779	0.167353417251	0.466406697642
HO_VSX2_HUMAN.H10MO.D.bed	0.0259483562129	1.19387529409	0.123599612939	0.474415280803
HO_MAFG_HUMAN.H10MO.S.bed	-0.0122149023185	-1.33796720341	0.105236968593	0.475048569496
HO_MZF1_HUMAN.H10MO.D.bed	0.0122360629472	0.934782064058	0.1924441484	0.4762806916
HO_KLF15_HUMAN.H10MO.D.bed	0.021023598713	2.09278555023	0.0225932244018	0.482741894718
HO_BMAL1_HUMAN.H10MO.C.bed	0.0371465645303	0.999544762181	0.163572428417	0.483179385323
HO_HXA7_HUMAN.H10MO.D.bed	-0.0258303825238	-0.867744279236	0.20656366044	0.486791567433
HO_EMX1_HUMAN.H10MO.D.bed	0.0201263479296	1.24963586979	0.120223225213	0.48774105925
HO_MEF2B_HUMAN.H10MO.D.bed	0.0181483377389	0.582660604055	0.302554761874	0.490981271801
HO_SOX21_HUMAN.H10MO.D.bed	0.0211913309757	0.871992335568	0.20186693006	0.493880542627
HO_PRD14_HUMAN.H10MO.C.bed	0.0316007936985	1.17720137942	0.11394116363	0.496845482224
HO_ZEP1_HUMAN.H10MO.D.bed	0.0221159224264	0.905236811937	0.207280852164	0.499500098636
HO_ISX_HUMAN.H10MO.D.bed	0.0105722372722	0.91742420443	0.205942826791	0.500035424141
HO_LMX1A_HUMAN.H10MO.D.bed	0.011538510893	1.28168610917	0.114185557647	0.501321523641
HO_HME1_HUMAN.H10MO.D.bed	-0.0207454777882	-1.21898860566	0.124370528147	0.501393135486
HO_ZN219_HUMAN.H10MO.D.bed	0.0114680653421	0.962588884308	0.176724592906	0.512581285305
HO_HXA10_HUMAN.H10MO.C.bed	-0.0201464918498	-1.22587299932	0.123468312585	0.513916807579
HO_CEBPZ_HUMAN.H10MO.D.bed	-0.0244990920722	-1.18816331477	0.125948900243	0.534657252024
HO_RXRA_HUMAN.H10MO.C.bed	0.0241990451471	1.25441561157	0.116933703536	0.535389314048
HO_COT2_HUMAN.H10MO.A.bed	0.0130949251574	0.82285837938	0.215656631319	0.535798064634
HO_GLIS3_HUMAN.H10MO.D.bed	0.0452201360932	1.23666355085	0.0969830268324	0.535914829307
HO_NR1H2_HUMAN.H10MO.D.bed	0.0426599463067	0.983029100528	0.163419944834	0.537190690453
HO_BARX1_HUMAN.H10MO.D.bed	0.0306172405523	1.08188898097	0.150287357369	0.541203348728
HO_NKX22_HUMAN.H10MO.D.bed	-0.00717173333671	-0.438765824732	0.335909998447	0.542363498752
HO_HXC11_HUMAN.H10MO.D.bed	0.0214851410939	0.848091609748	0.208357873558	0.545132232453
HO_DMBX1_HUMAN.H10MO.D.bed	0.0133574330108	1.06380339594	0.156555138048	0.548370729448
HO_ETV4_HUMAN.H10MO.B.bed	0.0183671598331	1.62269160931	0.0602006712073	0.551266146341
HO_CR3L2_HUMAN.H10MO.D.bed	-0.0449924526004	-0.836450194838	0.216599204595	0.557590723475
HO_AHR_HUMAN.H10MO.B.bed	-0.0196590261112	-0.526258804514	0.307711746683	0.570067137642
HO_SOX17_HUMAN.H10MO.D.bed	0.0273538082526	0.974092263055	0.170151559874	0.574037630945
HO_AP2D_HUMAN.H10MO.D.bed	-0.0200137547495	-1.25909895587	0.120201709685	0.574994745583
HO_MGAP_HUMAN.H10MO.D.bed	-0.0286459630198	-0.596987307939	0.269736298935	0.576336558724
HO_FOXK1_HUMAN.H10MO.D.bed	-0.0169554330893	-0.587898420481	0.292298855555	0.578282612379
HO_ELF5_HUMAN.H10MO.D.bed	0.0110193506237	0.906733820713	0.1889911917	0.57963327215
HO_PO4F1_HUMAN.H10MO.D.bed	-0.0142622496502	-0.788882753895	0.218416252615	0.585794217264
HO_HNF1A_HUMAN.H10MO.A.bed	-0.0186347851331	-0.92067398273	0.18253093093	0.59092084205
HO_BSH_HUMAN.H10MO.D.bed	-0.0247731907533	-1.57891754058	0.0638083499777	0.601487534348
HO_COT2_HUMAN.H10MO.S.bed	-0.0215128582855	-1.17812539329	0.130522910062	0.601907808271
HO_USF1_HUMAN.H10MO.A.bed	-0.0361179847917	-1.08881341893	0.166608701009	0.603368233597
HO_KLF8_HUMAN.H10MO.C.bed	0.0203682905112	1.23677545722	0.119820648708	0.614440286577
HO_TGIF2_HUMAN.H10MO.D.bed	-0.0206458243663	-0.963659432047	0.181790280289	0.616547987646
HO_GCM1_HUMAN.H10MO.D.bed	0.0236524792506	0.801137109071	0.21716173206	0.624218252245
HO_ARNT2_HUMAN.H10MO.D.bed	0.0182796066228	0.794821670499	0.221734556591	0.62613150121
HO_ZIC2_HUMAN.H10MO.C.bed	-0.00952425340037	-0.73967147772	0.23588157445	0.627386262334
HO_HXA11_HUMAN.H10MO.D.bed	0.00871882291943	0.754020179691	0.244741377104	0.632577510983
HO_COT1_HUMAN.H10MO.B.bed	-0.0190604573287	-0.784805454304	0.237528256115	0.645150899024
HO_HES1_HUMAN.H10MO.D.bed	0.0352196554822	1.40991426711	0.0906775227832	0.653081933753
HO_PIT1_HUMAN.H10MO.C.bed	0.0127556952791	0.951269529857	0.184516119889	0.660753256138
HO_ZSC16_HUMAN.H10MO.D.bed	0.0202513224012	0.589356043423	0.289952888078	0.666164162215
HO_NR2E3_HUMAN.H10MO.C.bed	0.026112229565	1.5457489017	0.0758896078298	0.666373131765
HO_NR4A1_HUMAN.H10MO.C.bed	0.0143248194931	0.89994927033	0.193656011439	0.689630574068
HO_BC11A_HUMAN.H10MO.C.bed	-0.00843005370187	-0.923848245499	0.185669782455	0.695990237154
HO_MAF_HUMAN.H10MO.B.bed	0.00948454045772	0.600732520142	0.312013984237	0.69686747002
HO_CR3L1_HUMAN.H10MO.D.bed	0.0706462114232	1.3678901845	0.101167969161	0.697297507874
HO_HXC13_HUMAN.H10MO.D.bed	0.0200334199428	0.90816265922	0.202664792555	0.698430817353
HO_LHX9_HUMAN.H10MO.D.bed	0.00987128020658	0.775321349871	0.22075886673	0.700526898879
HO_GBX2_HUMAN.H10MO.D.bed	0.0152982841449	1.16121525142	0.128635439677	0.717002755068
HO_BRAC_HUMAN.H10MO.D.bed	-0.0421259197204	-0.695644434156	0.252937921277	0.723808962226
HO_HME2_HUMAN.H10MO.D.bed	0.018778675947	0.821933333167	0.223060112431	0.729497612593
HO_PHX2A_HUMAN.H10MO.D.bed	0.0230290026346	0.979563227666	0.179666503357	0.752720448704
HO_MYOD1_HUMAN.H10MO.C.bed	0.0248857011963	1.81093565956	0.0449893425787	0.758899173499
HO_VAX2_HUMAN.H10MO.D.bed	0.0240205218553	0.907858137423	0.202041641443	0.761815836266
HO_GFI1_HUMAN.H10MO.C.bed	0.00906971221722	0.581995262698	0.304288110413	0.76489677951
HO_PDX1_HUMAN.H10MO.C.bed	0.0371056703995	1.57197329889	0.0742799203744	0.767958531613
HO_CEBPD_HUMAN.H10MO.B.bed	0.0232341265179	1.38684849914	0.0832626192564	0.773497665846
HO_NFAC1_HUMAN.H10MO.A.bed	0.0090720411128	0.674691982498	0.237452759697	0.792745932114
HO_FOXB1_HUMAN.H10MO.D.bed	0.0173304065446	0.869228756498	0.207492730181	0.82100518547
HO_HMX2_HUMAN.H10MO.D.bed	-0.0229694832785	-1.58150855707	0.0652923141057	0.837047466836
HO_EPAS1_HUMAN.H10MO.D.bed	-0.0223307050658	-1.16349426701	0.139848015038	0.845684694713
HO_GATA2_HUMAN.H10MO.A.bed	0.01240262341	0.746813970861	0.242047199971	0.852484918578
HO_NRL_HUMAN.H10MO.D.bed	0.028256361444	1.09589430097	0.142669758217	0.854685187076
HO_IRF8_HUMAN.H10MO.D.bed	-0.00873259341931	-0.609212611821	0.282163851131	0.857189708886
HO_SHOX_HUMAN.H10MO.D.bed	0.0168997930798	1.40109236783	0.0916467211753	0.87679922796
HO_STA5B_HUMAN.H10MO.C.bed	0.00906304873363	0.753279570696	0.242474196827	0.883102046399
HO_PEBB_HUMAN.H10MO.C.bed	-0.013704972805	-0.95609887601	0.172245656537	0.904995621643
HO_GSC_HUMAN.H10MO.D.bed	0.0186480006609	0.697232233303	0.24122577066	0.937125569654
HO_TF7L2_HUMAN.H10MO.A.bed	-0.0175368254547	-1.05456516851	0.157641424401	0.971616856166
HO_PAX7_HUMAN.H10MO.D.bed	-0.0261882626884	-0.805847900143	0.228041041295	0.981035620604
HO_EGR3_HUMAN.H10MO.D.bed	0.0305209795502	1.12079031853	0.146190140768	0.986398739286
HO_MTF1_HUMAN.H10MO.C.bed	0.0871435490454	1.61652947617	0.0639934373051	1.00048276372
HO_MEIS2_HUMAN.H10MO.B.bed	-0.0218938259454	-0.898064065661	0.197423566323	1.02884964238
HO_SMAD2_HUMAN.H10MO.C.bed	-0.0138333057241	-0.826260456549	0.205499954899	1.03720843378
HO_IRF3_HUMAN.H10MO.C.bed	-0.00936955888011	-0.658162934702	0.273550673718	1.03755018848
HO_HMX3_HUMAN.H10MO.D.bed	-0.0208751652539	-1.07923367559	0.156147997851	1.04261319398
HO_PPARA_HUMAN.H10MO.C.bed	-0.0263202622644	-1.23736719967	0.117784567569	1.04860983072
HO_FOXO6_HUMAN.H10MO.D.bed	0.0184647267123	0.937212940603	0.186708354098	1.06857191943
HO_ZKSC3_HUMAN.H10MO.D.bed	0.0328676422698	0.839864749708	0.208530158926	1.07796638606
HO_SOX5_HUMAN.H10MO.C.bed	-0.0122559685748	-1.37798421695	0.100195278454	1.1073305774
HO_STA5A_HUMAN.H10MO.B.bed	0.00932297402292	0.772277486616	0.241240985067	1.1205468944
HO_PHX2B_HUMAN.H10MO.D.bed	0.0155447146746	0.877222805906	0.209667844133	1.12938729487
HO_COT1_HUMAN.H10MO.S.bed	-0.0294553008063	-1.34441025618	0.105774119934	1.1300201813
HO_FOXQ1_HUMAN.H10MO.C.bed	-0.0116725383434	-0.681037559144	0.256962834924	1.13595294611
HO_SMAD4_HUMAN.H10MO.C.bed	-0.0169611288699	-1.01249078023	0.168528370728	1.17420310475
HO_SOX2_HUMAN.H10MO.B.bed	-0.0231262959027	-1.0630137358	0.147499016239	1.18183586761
HO_GLI3_HUMAN.H10MO.B.bed	-0.0353039434245	-1.53046401469	0.0629719780449	1.18720699785
HO_GCR_HUMAN.H10MO.A.bed	0.0243196211843	0.938053144121	0.185465663837	1.18883490519
HO_LHX3_HUMAN.H10MO.C.bed	0.0178475622624	1.11604035665	0.147373461181	1.1957770711
HO_SHOX2_HUMAN.H10MO.D.bed	0.0165267294106	1.28676443154	0.1047149989	1.19861275526
HO_UNC4_HUMAN.H10MO.D.bed	0.0322091308654	1.82406890649	0.0361136114174	1.21835920624
HO_E2F5_HUMAN.H10MO.B.bed	-0.0726043957535	-1.03351613611	0.160323549638	1.23816138937
HO_HXC12_HUMAN.H10MO.D.bed	-0.0238993172788	-1.77992622071	0.0412790861706	1.25999496359
HO_NR1H4_HUMAN.H10MO.C.bed	-0.0335777462217	-0.926734975718	0.193026386036	1.27556611803
HO_PRDM1_HUMAN.H10MO.C.bed	-0.0100654008251	-0.54538823479	0.288780349654	1.31282414276
HO_STAT1_HUMAN.H10MO.S.bed	0.0221775626256	1.16144192423	0.131724134115	1.31929953075
HO_JUNB_HUMAN.H10MO.C.bed	0.0165469554109	1.22847497146	0.114052834823	1.35384939114
HO_CUX1_HUMAN.H10MO.C.bed	-0.0267096249765	-0.605558268345	0.278132121971	1.39283351706
HO_ALX3_HUMAN.H10MO.D.bed	0.0166133309908	0.979931006272	0.191451652655	1.39455124263
HO_JDP2_HUMAN.H10MO.D.bed	-0.0783707551363	-1.35060287298	0.110812723359	1.44961134026
HO_RELB_HUMAN.H10MO.C.bed	0.0149437124504	0.699951125527	0.25797783411	1.450559576
HO_PAX8_HUMAN.H10MO.D.bed	-0.0216192718318	-0.790595321312	0.22096924601	1.57379207436
HO_SRBP2_HUMAN.H10MO.B.bed	0.0317862215862	2.4071504204	0.0101274563162	1.62292487467
HO_FOXO4_HUMAN.H10MO.C.bed	0.00864387190718	0.741213467602	0.232175841898	1.7106289041
HO_GATA1_HUMAN.H10MO.S.bed	-0.00772727249212	-0.592185725281	0.268883848877	1.75871986867
HO_MEF2A_HUMAN.H10MO.A.bed	0.0126397802553	0.85675599189	0.215180672216	1.76834372937
HO_HXD3_HUMAN.H10MO.D.bed	0.019564024651	0.925654364786	0.17684786074	1.7993568053
HO_PO2F3_HUMAN.H10MO.D.bed	0.0146622763081	0.879677640012	0.196193412152	1.90545419984
HO_MSX2_HUMAN.H10MO.D.bed	-0.0152934644178	-1.74887205662	0.0475657034213	1.90560099332
HO_EOMES_HUMAN.H10MO.D.bed	0.0179485924591	1.10685938689	0.152960057657	1.92249797958
HO_ETV3_HUMAN.H10MO.D.bed	-0.0360067549374	-1.51296472239	0.0802638187486	2.05796431271
HO_PO5F1_HUMAN.H10MO.A.bed	-0.0316123832024	-1.6878662162	0.0553473256935	2.08691975115
HO_FOSL1_HUMAN.H10MO.A.bed	0.00953283931007	0.681627494603	0.276103720199	2.1583229835
HO_LHX2_HUMAN.H10MO.D.bed	0.0125622543244	0.697934937756	0.251590421654	2.17931703081
HO_CEBPA_HUMAN.H10MO.A.bed	-0.0178800090702	-1.00042559219	0.162713746857	2.21913854756
HO_ZN740_HUMAN.H10MO.D.bed	0.0190237869305	1.03820335023	0.159390481289	2.27042885569
HO_HSF4_HUMAN.H10MO.D.bed	-0.018033447312	-0.653621741632	0.255916037799	2.31045324266
HO_PPARG_HUMAN.H10MO.A.bed	-0.0150505606873	-0.857469351565	0.206707475085	2.40908166417
HO_CEBPG_HUMAN.H10MO.C.bed	0.0223812353678	1.27661227816	0.10627340907	2.43290197192
HO_ATOH1_HUMAN.H10MO.D.bed	0.0206532792495	0.812850054849	0.209164780644	2.57835816139
HO_HMGA2_HUMAN.H10MO.D.bed	0.0164115638735	0.455087917417	0.335451043149	2.65461874887
HO_E2F4_HUMAN.H10MO.A.bed	-0.0584364544442	-1.48700307442	0.0770736033261	2.74467665178
HO_ARNT_HUMAN.H10MO.B.bed	-0.025727390349	-1.12737802694	0.142269096052	2.8498278303
HO_FOXH1_HUMAN.H10MO.A.bed	0.0204328527181	0.86158370874	0.21378919607	2.97910597132
HO_ERF_HUMAN.H10MO.D.bed	0.0241848386507	0.841038018116	0.208412284601	3.03618805521
HO_YBOX1_HUMAN.H10MO.D.bed	0.0212658365724	1.0315440647	0.160741666945	3.12228510641
HO_SRY_HUMAN.H10MO.B.bed	0.018095822752	2.24397630468	0.0147318552136	3.1477063973
HO_ARI5B_HUMAN.H10MO.C.bed	0.0125576119202	0.662964688081	0.275109141143	3.32726338627
HO_VDR_HUMAN.H10MO.S.bed	0.0165071557493	1.15739215094	0.129646458961	3.61319044323
HO_XBP1_HUMAN.H10MO.C.bed	0.0383321203378	0.766517798325	0.247102820806	3.68355600317
HO_GSX1_HUMAN.H10MO.D.bed	-0.0214333563722	-1.57235887608	0.0692668537993	3.70000444045
HO_FOXD2_HUMAN.H10MO.D.bed	-0.0153525592642	-1.07983373829	0.144142466255	3.84980503623
HO_HXA1_HUMAN.H10MO.C.bed	0.0137656156153	0.683271064627	0.263752565663	4.02536653786
HO_MAFF_HUMAN.H10MO.A.bed	-0.0260162545975	-0.765959019796	0.246299449212	4.04815248576
HO_VAX1_HUMAN.H10MO.D.bed	0.0170471533725	0.817674941714	0.223331603571	4.09015879683
HO_ELF3_HUMAN.H10MO.D.bed	-0.0156931790445	-0.889558863235	0.199943006881	4.74679508929
HO_HSF1_HUMAN.H10MO.A.bed	0.0163558955087	0.93587743416	0.195415612849	4.81774645524
HO_TBX19_HUMAN.H10MO.D.bed	-0.0458012756368	-1.00845437796	0.166880683782	4.86229628656
HO_VSX1_HUMAN.H10MO.D.bed	0.0111753390481	0.786201098856	0.241158139682	4.98652798505
HO_NR1I2_HUMAN.H10MO.C.bed	0.0344566910146	1.62600064179	0.0565522649962	5.17857169465
HO_GMEB2_HUMAN.H10MO.D.bed	0.0459762881295	1.01970823273	0.1673292791	5.36290339515
HO_EMX2_HUMAN.H10MO.D.bed	0.0201535980673	1.2953640806	0.098954477687	5.76634729067
HO_SOX4_HUMAN.H10MO.C.bed	0.0247555122954	1.09503442919	0.154304700886	6.59395421787
HO_SPZ1_HUMAN.H10MO.D.bed	0.0376191259516	1.03230560058	0.166543761858	8.21188856545
HO_ZFHX3_HUMAN.H10MO.D.bed	-0.0135936582057	-0.972690274313	0.180550639336	8.26663998675
HO_HXB8_HUMAN.H10MO.C.bed	0.0223511653018	1.12355809131	0.135882848375	8.71009058081
HO_SOX9_HUMAN.H10MO.B.bed	0.0188913643756	1.0026932645	0.167672377616	11.9419993391
HO_RUNX1_HUMAN.H10MO.A.bed	0.0109086512618	0.791001520802	0.220835576085	17.6944505338
HO_HINFP_HUMAN.H10MO.C.bed	0.0849090210934	0.705885076287	0.244304361064	26.0998492403
HO_OLIG2_HUMAN.H10MO.D.bed	-0.0188758925906	-0.865388717553	0.209670113996	26.8797086143
HO_NR0B1_HUMAN.H10MO.D.bed	0.0261869971691	1.50853483067	0.0728170999147	46.6757610453
HO_FEV_HUMAN.H10MO.C.bed	0.0121026301554	0.772534534626	0.225565180782	72.2936404405
