TF-Motif	ES	NES	P-value	FDR
HO_P63_HUMAN.H10MO.A.bed	0.260444217419	11.939884681	0.0	0.0
HO_P53_HUMAN.H10MO.B.bed	0.203675242601	11.3279776305	0.0	0.0
HO_P73_HUMAN.H10MO.A.bed	0.119320426099	9.11217388942	0.0	0.0
HO_SCRT2_HUMAN.H10MO.D.bed	-0.134609457913	-7.22862587663	1.11533528287e-12	1.28816201139e-12
HO_ZBED1_HUMAN.H10MO.D.bed	-0.12146332856	-6.97631481943	2.1446493927e-11	3.50693944062e-11
HO_CPEB1_HUMAN.H10MO.D.bed	0.0522612024729	6.52678732299	1.76304415511e-10	8.24898761625e-10
HO_EVX2_HUMAN.H10MO.A.bed	-0.0613514833219	-6.51217884102	1.88258881665e-10	1.21892871866e-09
HO_TCF7_HUMAN.H10MO.C.bed	-0.089279894104	-6.19800938581	1.47556390706e-09	2.40060016352e-09
HO_PO2F1_HUMAN.H10MO.B.bed	-0.0606778514259	-5.8573456751	1.19715045469e-08	1.35339231298e-08
HO_SOX18_HUMAN.H10MO.D.bed	-0.0781985446563	-5.74757613548	1.17571351527e-08	6.8512033026e-08
HO_CDX2_HUMAN.H10MO.C.bed	-0.0430108056944	-5.25629516928	2.54896340116e-07	5.96308591294e-07
HO_SOX13_HUMAN.H10MO.D.bed	-0.0598686046908	-4.94094551778	8.06272314792e-07	8.33581538357e-07
HO_SNAI2_HUMAN.H10MO.C.bed	0.0409379632019	4.74270457767	2.37284481663e-06	3.01186837121e-06
HO_HNF6_HUMAN.H10MO.C.bed	-0.0568525503472	-4.61453226279	4.68178461474e-06	5.47632105483e-06
HO_AIRE_HUMAN.H10MO.C.bed	-0.0679362075719	-4.55460997025	7.56801288797e-06	8.7093290147e-06
HO_BRCA1_HUMAN.H10MO.D.bed	-0.0538689522093	-4.57315912326	7.28149298947e-06	1.04183861747e-05
HO_SP1_HUMAN.H10MO.S.bed	-0.0480065285113	-4.57293220044	5.79992614767e-06	2.1244300918e-05
HO_PITX2_HUMAN.H10MO.D.bed	0.0332030107471	4.28417623554	2.48129145896e-05	3.29297686375e-05
HO_RAX2_HUMAN.H10MO.D.bed	-0.053884388957	-4.46530407108	1.17471755132e-05	3.94237670363e-05
HO_HXD11_HUMAN.H10MO.D.bed	-0.0374467486717	-4.3043461184	1.76958984301e-05	4.10980829481e-05
HO_SP1_HUMAN.H10MO.C.bed	-0.0379258516638	-3.97755292248	6.49915340427e-05	9.36170186997e-05
HO_FOXP3_HUMAN.H10MO.D.bed	-0.0463738088881	-4.2135925842	2.64081982044e-05	0.000118375210133
HO_MAZ_HUMAN.H10MO.A.bed	-0.0362217173362	-3.85192078525	0.000126312561541	0.000135169201917
HO_KLF6_HUMAN.H10MO.D.bed	-0.0471499792675	-3.91888640022	8.62260567503e-05	0.000162561477579
HO_SP2_HUMAN.H10MO.C.bed	-0.0396376529718	-3.8323771074	0.000101517918465	0.00024932178443
HO_NRF1_HUMAN.H10MO.A.bed	-0.0967317479779	-3.88081672282	0.00012337367248	0.000253469628396
HO_PAX5_HUMAN.H10MO.S.bed	0.0318690846914	3.89992142845	8.2369087591e-05	0.00040614296266
HO_HTF4_HUMAN.H10MO.B.bed	0.0365690922433	3.63750192267	0.000263962434056	0.000477965876355
HO_TFDP1_HUMAN.H10MO.D.bed	-0.039688336942	-3.70502324966	0.000175641396438	0.000491642511427
HO_GABPA_HUMAN.H10MO.A.bed	-0.0895240199863	-3.4110406187	0.000450054985488	0.000627141838473
HO_SP4_HUMAN.H10MO.D.bed	-0.0371183341774	-3.45182280752	0.000445009410419	0.000628306238058
HO_ITF2_HUMAN.H10MO.B.bed	0.0316896893171	3.32808268933	0.000653954420161	0.000779153872347
HO_TBX5_HUMAN.H10MO.D.bed	0.0310834277251	3.42751957636	0.000446327731103	0.000872244133041
HO_MYF6_HUMAN.H10MO.C.bed	0.0273616988571	3.25671729454	0.000755497174599	0.00087889961691
HO_EGR4_HUMAN.H10MO.D.bed	-0.0463196602525	-3.44641597857	0.000513610661402	0.00100989090171
HO_PBX3_HUMAN.H10MO.B.bed	-0.0531910209406	-3.26057550856	0.000917462329949	0.00103903419346
HO_ELK1_HUMAN.H10MO.A.bed	-0.103192972453	-3.22409481354	0.00088629073533	0.00107597038134
HO_THA_HUMAN.H10MO.C.bed	0.0283174714098	3.36601468614	0.000669556914926	0.00110330586753
HO_HXD9_HUMAN.H10MO.D.bed	-0.0341677852288	-3.6719919055	0.000221667634711	0.00112769010992
HO_ID4_HUMAN.H10MO.D.bed	0.0310141666915	3.42027281856	0.000475510160342	0.00138546369445
HO_RARG_HUMAN.H10MO.S.bed	0.0300778811216	3.71360049689	0.000183416837085	0.00139964514966
HO_SP3_HUMAN.H10MO.B.bed	-0.0334709661899	-3.44405291173	0.000513021185525	0.00146154035521
HO_GATA1_HUMAN.H10MO.A.bed	-0.0667179461447	-3.13924943354	0.00121836091792	0.0016441459966
HO_SPDEF_HUMAN.H10MO.D.bed	-0.0634956428126	-3.15441379412	0.00122126855513	0.00173962920853
HO_ZN639_HUMAN.H10MO.D.bed	-0.0735615206093	-3.13362161093	0.00160996967386	0.00175210621553
HO_ONEC2_HUMAN.H10MO.D.bed	-0.0284670647283	-3.36085760904	0.000751013772869	0.00183041759851
HO_TBX2_HUMAN.H10MO.D.bed	0.033196622101	3.18870877665	0.00119944538463	0.00196635419833
HO_ARI3A_HUMAN.H10MO.S.bed	-0.0267080275706	-3.19858071374	0.00125870961296	0.00202721824599
HO_IKZF1_HUMAN.H10MO.C.bed	0.0272898377828	3.08786041643	0.0016000947404	0.00224925598376
HO_NR1I2_HUMAN.H10MO.S.bed	-0.0327254654202	-3.15080511085	0.00131458207732	0.00233420252509
HO_FOXA3_HUMAN.H10MO.C.bed	-0.0267972717344	-3.16493605581	0.00120748146226	0.00243394848211
HO_BPTF_HUMAN.H10MO.D.bed	-0.0275009372489	-3.08817777795	0.00142127072787	0.00250284213342
HO_P63_HUMAN.H10MO.S.bed	0.0780383002808	3.27087692931	0.000807226873016	0.00257429067464
HO_ETV6_HUMAN.H10MO.D.bed	-0.113690071906	-3.42785981047	0.000559913219535	0.00269852912573
HO_TYY1_HUMAN.H10MO.A.bed	-0.0579506216673	-2.9584415328	0.00190827474616	0.00274261011724
HO_P73_HUMAN.H10MO.S.bed	0.0617866637432	3.43459985461	0.000489070937758	0.00287609606517
HO_FOXO3_HUMAN.H10MO.B.bed	-0.0305921382808	-2.9546239452	0.00205768580462	0.0029375870841
HO_AP2C_HUMAN.H10MO.A.bed	0.0544732970143	3.52244738297	0.000357611543393	0.00301617104362
HO_THA_HUMAN.H10MO.S.bed	0.0266692404945	3.10330443932	0.00121972942639	0.00328506958956
HO_RARA_HUMAN.H10MO.S.bed	0.0300778811216	3.84459771663	0.000151757521868	0.00335436453509
HO_THAP1_HUMAN.H10MO.D.bed	-0.0510235282405	-2.79097590629	0.00350455073083	0.00364678087412
HO_KLF16_HUMAN.H10MO.D.bed	-0.0285754066803	-3.09266097084	0.00170945985584	0.00371445344948
HO_MESP1_HUMAN.H10MO.D.bed	0.0306708198663	3.12693483725	0.00119851599642	0.00389973986653
HO_RXRB_HUMAN.H10MO.C.bed	0.0243999281945	2.88002514854	0.00266476306565	0.00411593524116
HO_NKX25_HUMAN.H10MO.C.bed	0.0235324626349	2.99116880918	0.00165806078937	0.00430290269631
HO_ZN148_HUMAN.H10MO.D.bed	-0.0276848188742	-2.91105014499	0.00256355573973	0.00434719372795
HO_SNAI1_HUMAN.H10MO.C.bed	0.0375625443523	3.29039582092	0.000825538327061	0.00489972284858
HO_IRF5_HUMAN.H10MO.D.bed	-0.030291340539	-3.18141947208	0.00107890119348	0.00508511518396
HO_TAL1_HUMAN.H10MO.A.bed	-0.0575793759963	-2.69033354121	0.004809222662	0.0054852521821
HO_ELK4_HUMAN.H10MO.A.bed	-0.103356839767	-2.93227595148	0.00188832301124	0.00576388119145
HO_E2F6_HUMAN.H10MO.C.bed	-0.0409334919134	-2.61416163973	0.00623298441634	0.00623298441634
HO_ETV2_HUMAN.H10MO.D.bed	-0.0226705083119	-2.76489471237	0.00415395836956	0.00677528578852
HO_AP2A_HUMAN.H10MO.C.bed	0.0446901055042	2.77624304938	0.00432427269748	0.00692964699771
HO_ZFX_HUMAN.H10MO.C.bed	0.0393500623757	2.68961050672	0.00502917261476	0.00837324583393
HO_NF2L1_HUMAN.H10MO.C.bed	-0.0245131372912	-3.0608435479	0.00173666817713	0.00951456667983
HO_MECP2_HUMAN.H10MO.C.bed	0.0284641203294	2.49012288121	0.0082652386132	0.0105748861299
HO_NR1I3_HUMAN.H10MO.S.bed	-0.0227016741106	-2.55822644584	0.00739303200005	0.0107458809797
HO_GABP1_HUMAN.H10MO.C.bed	-0.0963190978202	-3.14020323454	0.00148973511092	0.0111037233268
HO_ZEB1_HUMAN.H10MO.B.bed	0.0296523005909	2.81237872252	0.00329190562527	0.0128665335719
HO_GATA6_HUMAN.H10MO.S.bed	-0.0264142442215	-2.57919806579	0.00608341156754	0.0134929647571
HO_KAISO_HUMAN.H10MO.A.bed	-0.0964950556255	-2.33638927655	0.0132512402134	0.0140629883722
HO_TWST1_HUMAN.H10MO.D.bed	0.041251870057	2.54873414001	0.00714096157853	0.0140841734518
HO_FOXC2_HUMAN.H10MO.D.bed	-0.0347301112734	-2.44521595625	0.00999919490852	0.015152444294
HO_SOX15_HUMAN.H10MO.D.bed	-0.0236488279745	-2.85957163739	0.00273044904266	0.0157677282553
HO_KLF4_HUMAN.H10MO.A.bed	-0.0296042247047	-2.78095640857	0.00401314816142	0.0157817666961
HO_GLI1_HUMAN.H10MO.C.bed	-0.0743583380666	-2.45028969123	0.00952713379437	0.0160707704268
HO_PAX2_HUMAN.H10MO.S.bed	0.0226035224808	2.23905163979	0.0156066126904	0.0161612903627
HO_KLF13_HUMAN.H10MO.D.bed	-0.0372371998717	-2.8081615716	0.00331481153548	0.0164712728236
HO_WT1_HUMAN.H10MO.D.bed	-0.0352859967837	-2.60512794322	0.00593292705932	0.0173653253197
HO_KLF3_HUMAN.H10MO.D.bed	0.0521285805558	2.42507011083	0.00898313687475	0.0180507546605
HO_FOXD3_HUMAN.H10MO.D.bed	-0.0230782103755	-2.69409433509	0.00514729937118	0.0182288336847
HO_RARB_HUMAN.H10MO.D.bed	0.0200244726969	2.46687874662	0.00740859320504	0.0185504228298
HO_EGR1_HUMAN.H10MO.A.bed	-0.0209337055227	-2.11466084222	0.0175933700898	0.0187020733459
HO_TGIF1_HUMAN.H10MO.S.bed	0.0224665149029	2.41022123141	0.00935385956967	0.0189741265322
HO_IRX2_HUMAN.H10MO.D.bed	0.0450319039348	2.39274873962	0.0103738758288	0.0196735337463
HO_EGR2_HUMAN.H10MO.C.bed	-0.0426681988049	-2.66770245472	0.00546526180162	0.0201335219244
HO_PRRX2_HUMAN.H10MO.C.bed	-0.0226184557647	-2.78244854072	0.00384413820599	0.0203644015706
HO_FOXF1_HUMAN.H10MO.D.bed	-0.025871415401	-2.83000348615	0.00324975229327	0.020422462941
HO_ELF1_HUMAN.H10MO.A.bed	-0.051227334906	-2.56149824504	0.00674410206461	0.021087655724
HO_OLIG1_HUMAN.H10MO.D.bed	-0.0665000854498	-2.4555603084	0.0102003281393	0.0214374109418
HO_NFIL3_HUMAN.H10MO.C.bed	-0.0503217138091	-2.18852464721	0.0186713543008	0.0217606147397
HO_EGR1_HUMAN.H10MO.S.bed	-0.055264842183	-2.47869582758	0.00839394329109	0.0232922841973
HO_ELF2_HUMAN.H10MO.C.bed	-0.0358638412603	-2.39082720826	0.0097750833358	0.0243806553239
HO_RARA_HUMAN.H10MO.C.bed	0.0660640106602	2.39230327009	0.0109921652408	0.0249857373027
HO_HES5_HUMAN.H10MO.D.bed	0.0439682817552	2.27809585431	0.0146911175242	0.0257295255
HO_SPI1_HUMAN.H10MO.A.bed	-0.0372062764914	-2.56445097105	0.00673577377556	0.0260098252418
HO_ZN713_HUMAN.H10MO.D.bed	0.0208275306847	2.17821388618	0.0175803629549	0.0277561888032
HO_SPIB_HUMAN.H10MO.B.bed	-0.0237760138976	-2.03999435175	0.0272794287985	0.028157993333
HO_MYCN_HUMAN.H10MO.B.bed	0.0289481292817	2.08563166799	0.0228002613444	0.0281598603502
HO_MYOG_HUMAN.H10MO.D.bed	0.0403740916169	2.07923128064	0.0211346296033	0.0305808071686
HO_ZN350_HUMAN.H10MO.C.bed	0.0571460863098	1.89411509825	0.0282973144222	0.0311124846392
HO_ATF1_HUMAN.H10MO.B.bed	-0.0816553673675	-2.39642349878	0.00999281657632	0.0313989971834
HO_ETV1_HUMAN.H10MO.B.bed	0.0349179544415	2.18163291735	0.0169975969368	0.0313990191253
HO_FOXD1_HUMAN.H10MO.D.bed	-0.0355580252547	-1.99284736392	0.0309725943374	0.0321252960684
HO_NFYA_HUMAN.H10MO.A.bed	-0.0368024848256	-2.02595945219	0.0264597189633	0.0323060568675
HO_MCR_HUMAN.H10MO.D.bed	-0.0396831379904	-2.18832878908	0.0164763238451	0.0344017054876
HO_ZIC3_HUMAN.H10MO.C.bed	-0.0546708569915	-2.19029382742	0.017912794348	0.0349000035778
HO_FOXO1_HUMAN.H10MO.C.bed	-0.0170076979041	-2.1337132936	0.0195549094914	0.0349155904847
HO_SMAD1_HUMAN.H10MO.D.bed	0.0326222668463	1.89967881459	0.035320919289	0.0353761082254
HO_SOX10_HUMAN.H10MO.D.bed	-0.0193814974972	-2.44669251988	0.00914243828809	0.0363993971594
HO_TEF_HUMAN.H10MO.D.bed	-0.036870459431	-2.10935241493	0.0214185025815	0.0366113604126
HO_ZKSC1_HUMAN.H10MO.C.bed	0.0330973180762	2.03428357619	0.0274138493464	0.0368391560399
HO_KLF1_HUMAN.H10MO.C.bed	0.0325352112764	2.27088800796	0.015652023666	0.0370219452764
HO_ESR1_HUMAN.H10MO.S.bed	0.0532531059633	1.86311711228	0.0322829964314	0.0372183466053
HO_KLF14_HUMAN.H10MO.D.bed	-0.0461156719999	-2.22440934797	0.0172965575979	0.0389020821764
HO_NDF1_HUMAN.H10MO.C.bed	0.037229710929	1.97073446334	0.0268221263867	0.0391639704189
HO_E2F1_HUMAN.H10MO.A.bed	-0.0572389565565	-1.79406527818	0.0407737212062	0.0419517741463
HO_ERR1_HUMAN.H10MO.D.bed	0.0313801902132	1.89524395268	0.0328525617408	0.0421169841517
HO_ERG_HUMAN.H10MO.B.bed	-0.112673147666	-2.44867613701	0.0100329727177	0.0423101020527
HO_CLOCK_HUMAN.H10MO.D.bed	-0.0243379253361	-2.12393207833	0.0225833245551	0.042451352023
HO_ETS2_HUMAN.H10MO.C.bed	0.0333544782295	2.01483564959	0.0279828318203	0.0431177769153
HO_PPARD_HUMAN.H10MO.D.bed	0.04483304196	1.80425486064	0.0411604708887	0.0444921784817
HO_PBX2_HUMAN.H10MO.C.bed	-0.0457567907829	-2.61773371688	0.00604601429554	0.0455940607463
HO_NKX21_HUMAN.H10MO.D.bed	-0.0403914204331	-1.93707765897	0.0280524445295	0.0461067101113
HO_RREB1_HUMAN.H10MO.D.bed	0.0240924472391	1.7659449719	0.0417367397456	0.0465273916121
HO_STF1_HUMAN.H10MO.B.bed	0.0228488058654	1.81180955124	0.0430326226629	0.0476406064368
HO_COE1_HUMAN.H10MO.A.bed	0.0360541749739	2.00737857866	0.0241301501627	0.0480354852618
HO_PROX1_HUMAN.H10MO.D.bed	0.0303121588764	2.10318066614	0.0222760537887	0.0492377602709
HO_TYY2_HUMAN.H10MO.D.bed	-0.0840986810281	-2.69132858358	0.00501291390568	0.0494350432852
HO_SOX7_HUMAN.H10MO.D.bed	0.0756610610119	1.91632244597	0.0330851060344	0.0500178136039
HO_SOX8_HUMAN.H10MO.D.bed	0.0492036510049	2.03405901271	0.0263165638915	0.0508099923327
HO_ATF2_HUMAN.H10MO.B.bed	-0.0638798278823	-1.68444651921	0.048589743553	0.0511428992077
HO_PAX5_HUMAN.H10MO.A.bed	0.0154790251724	1.6978626479	0.0478240544992	0.0531286290017
HO_FOXG1_HUMAN.H10MO.D.bed	0.0136112397069	1.71445633525	0.0500878964775	0.0534215335142
HO_NKX31_HUMAN.H10MO.C.bed	0.0241128359543	1.89604081752	0.0346134894765	0.054380506751
HO_ATF3_HUMAN.H10MO.A.bed	-0.0544560007534	-1.79704987738	0.042194561249	0.0553102530892
HO_HXC10_HUMAN.H10MO.D.bed	-0.0147024349894	-1.89263332787	0.0327055909943	0.0556081799134
HO_NFIC_HUMAN.H10MO.A.bed	0.038148630978	2.13828719691	0.018786424879	0.0557504553123
HO_E4F1_HUMAN.H10MO.D.bed	-0.110578479958	-1.77537603824	0.0451806197751	0.0570094040862
HO_NFIA_HUMAN.H10MO.S.bed	0.016898993985	2.02180243308	0.0269097292503	0.0586705321409
HO_SRBP1_HUMAN.H10MO.B.bed	0.0301483888063	1.79917766635	0.0425091431542	0.0589791358481
HO_HES7_HUMAN.H10MO.D.bed	0.0455659725766	2.29531726379	0.0139976180274	0.0598164877039
HO_REST_HUMAN.H10MO.A.bed	-0.0536801281546	-1.71939687569	0.0496700490847	0.0600726442704
HO_TEAD4_HUMAN.H10MO.A.bed	0.0219008864144	1.59868830662	0.0604541541096	0.0628056933294
HO_SCRT1_HUMAN.H10MO.D.bed	-0.0581607201489	-1.70437854131	0.048292772954	0.0630461659135
HO_MNX1_HUMAN.H10MO.D.bed	-0.0154347483479	-1.57164316869	0.0616497118034	0.0647827299442
HO_SOX3_HUMAN.H10MO.D.bed	-0.0303620630206	-1.64470184997	0.06236400124	0.0666255413248
HO_FOXF2_HUMAN.H10MO.D.bed	-0.0233358310688	-1.58886078364	0.0632270282707	0.0666587584235
HO_NR5A2_HUMAN.H10MO.C.bed	0.0208162420863	1.73107787468	0.0463846600277	0.0688253867541
HO_BATF_HUMAN.H10MO.S.bed	-0.0231596491545	-1.49061485618	0.0651820144718	0.0714216603016
HO_PAX6_HUMAN.H10MO.D.bed	0.0759248176431	1.56790148947	0.0692788790074	0.0732801343956
HO_FOXJ3_HUMAN.H10MO.A.bed	-0.0125533524307	-1.53589421389	0.0696480308747	0.0741601126092
HO_GATA5_HUMAN.H10MO.D.bed	-0.0245587221934	-1.64013185271	0.06246195452	0.0752596106153
HO_HLF_HUMAN.H10MO.C.bed	-0.0512784592445	-1.50452370987	0.0740170413974	0.0756697345067
HO_CREB1_HUMAN.H10MO.A.bed	-0.0755110130283	-1.90946734782	0.0301542375172	0.0760978986163
HO_NANOG_HUMAN.H10MO.S.bed	-0.0200288036206	-1.56970191604	0.0678005643883	0.0787321771248
HO_NKX28_HUMAN.H10MO.C.bed	0.0322798917574	1.75004435175	0.0475312479722	0.0789314247414
HO_TBX15_HUMAN.H10MO.D.bed	-0.0175783332685	-1.91405385409	0.0339092457393	0.0790393691597
HO_PKNX2_HUMAN.H10MO.D.bed	0.0285154715399	1.54232283776	0.0673420295316	0.0790590493219
HO_PURA_HUMAN.H10MO.D.bed	-0.0165163374672	-1.57935112261	0.0693418043387	0.0793716010377
HO_SRF_HUMAN.H10MO.A.bed	0.0194783732363	1.76310339391	0.0443703416333	0.079667756266
HO_PITX1_HUMAN.H10MO.D.bed	-0.0307307217586	-1.68945839717	0.0552369642605	0.0801060952285
HO_GATA3_HUMAN.H10MO.C.bed	0.0208543043227	1.75826660296	0.0419131181192	0.0831774263604
HO_HXD4_HUMAN.H10MO.D.bed	-0.0155806851627	-1.56889060562	0.0719243570069	0.0850618318107
HO_RARG_HUMAN.H10MO.C.bed	0.0305271403229	1.58006246671	0.0643159233243	0.0851787331629
HO_FUBP1_HUMAN.H10MO.D.bed	-0.0125077911585	-1.51708546068	0.0719415640817	0.088342035587
HO_PLAG1_HUMAN.H10MO.D.bed	0.0242000909935	1.58820026284	0.0658450991617	0.0898015075801
HO_NFKB2_HUMAN.H10MO.D.bed	0.0361765565439	1.65538978706	0.0600555384885	0.0918749407425
HO_HIC2_HUMAN.H10MO.D.bed	0.0264712349611	1.50280682053	0.0711241796635	0.0921022205339
HO_RFX5_HUMAN.H10MO.A.bed	0.0239963889596	1.39314047925	0.0812942549601	0.0923929387047
HO_ESR1_HUMAN.H10MO.A.bed	0.0358257419775	1.56157836027	0.0618123037899	0.0930086542942
HO_CDC5L_HUMAN.H10MO.D.bed	0.0315614517496	1.4639598908	0.0790621581658	0.0933312032859
HO_DLX5_HUMAN.H10MO.D.bed	0.018209789389	1.60487378679	0.0596615911898	0.0944273579078
HO_MUSC_HUMAN.H10MO.D.bed	0.165201877169	1.41237608624	0.0869260984945	0.0949227072146
HO_TBX3_HUMAN.H10MO.D.bed	0.031855049339	1.55244011668	0.069231229187	0.0956405558381
HO_HEN1_HUMAN.H10MO.C.bed	0.0563783846022	1.92079575402	0.0368014205394	0.0995346437374
HO_NANOG_HUMAN.H10MO.A.bed	-0.026282200631	-1.59411525964	0.0668804578936	0.0996985430461
HO_AP2B_HUMAN.H10MO.B.bed	0.0424876109492	2.55260580684	0.00560820815631	0.0998572618944
HO_TFEB_HUMAN.H10MO.C.bed	-0.0401180535354	-1.38581090396	0.0946111381473	0.102442127622
HO_ZBTB6_HUMAN.H10MO.D.bed	0.0540947245961	1.76362994958	0.049252760234	0.103852037204
HO_HBP1_HUMAN.H10MO.D.bed	-0.0258611978703	-1.52535475641	0.0737741173265	0.104854122409
HO_RORG_HUMAN.H10MO.C.bed	0.040070921574	1.59746729907	0.0661368686079	0.105195366694
HO_RUNX2_HUMAN.H10MO.B.bed	0.020771396179	1.32675393611	0.0976542085754	0.106819705967
HO_GCR_HUMAN.H10MO.S.bed	-0.0113208544914	-1.44813521199	0.079415917917	0.106944544926
HO_HNF4G_HUMAN.H10MO.C.bed	0.0315273136542	1.38130081607	0.0962538012369	0.107115775335
HO_HMX1_HUMAN.H10MO.D.bed	0.0221547664245	1.48005676867	0.0807359091659	0.107591928847
HO_MBD2_HUMAN.H10MO.B.bed	0.0418550637714	1.78718011062	0.0423779822722	0.108224249548
HO_PRGR_HUMAN.H10MO.S.bed	-0.0113208544914	-1.41597649257	0.082367331823	0.108413674946
HO_PRDM4_HUMAN.H10MO.D.bed	0.0697678982322	1.33494050802	0.0933674931213	0.11062580978
HO_STAT3_HUMAN.H10MO.A.bed	0.0244339714644	1.68755925916	0.0514987416452	0.110774138908
HO_FLI1_HUMAN.H10MO.A.bed	-0.0269195312381	-1.43016586564	0.0816886927489	0.112125164994
HO_NFAC2_HUMAN.H10MO.B.bed	-0.0155095701104	-1.4572327386	0.0776976558624	0.113191357745
HO_USF2_HUMAN.H10MO.A.bed	-0.0672220357174	-2.03713642917	0.0262628648369	0.11374659703
HO_SOX11_HUMAN.H10MO.D.bed	0.0444238814781	1.39317671937	0.0876421291111	0.113952545153
HO_LBX2_HUMAN.H10MO.D.bed	0.025665658203	1.24648486933	0.105057974858	0.114139257431
HO_HEY1_HUMAN.H10MO.D.bed	0.0386216284762	1.65524679813	0.0508458694608	0.115166792666
HO_ZBT7A_HUMAN.H10MO.D.bed	-0.0242562070141	-1.38301090539	0.0919749332282	0.116513699999
HO_ZBT18_HUMAN.H10MO.D.bed	0.0456940050633	1.66777669517	0.0543917254144	0.116605672209
HO_CTCF_HUMAN.H10MO.A.bed	0.0250545740654	1.44395491377	0.0864610321834	0.11766777416
HO_PO4F2_HUMAN.H10MO.D.bed	0.0324833252734	1.59387513828	0.0636749576419	0.118306225648
HO_HNF4A_HUMAN.H10MO.A.bed	0.0298497058869	1.22398557927	0.110164691036	0.118681625133
HO_CRX_HUMAN.H10MO.C.bed	0.019038611138	1.57032428886	0.065958017819	0.11876148714
HO_IRF4_HUMAN.H10MO.C.bed	0.0256927520547	2.35612522588	0.01067550506	0.120052609534
HO_PRGR_HUMAN.H10MO.C.bed	0.0255692223805	1.39886897106	0.0900207479437	0.12021520715
HO_SMRC1_HUMAN.H10MO.D.bed	0.0184796163282	1.44681931044	0.0849886095143	0.120525882077
HO_NR2F6_HUMAN.H10MO.D.bed	0.021690005736	1.17167673553	0.117390399581	0.120976279954
HO_TAL1_HUMAN.H10MO.S.bed	0.0387030779762	1.25964721515	0.119548812826	0.121443405739
HO_PO2F2_HUMAN.H10MO.D.bed	-0.0238766537432	-1.4469060497	0.0935359670776	0.122360316116
HO_DUXA_HUMAN.H10MO.D.bed	0.0274394004155	1.33480145657	0.0907877404957	0.124083031253
HO_BCL6_HUMAN.H10MO.C.bed	0.0195891527879	1.24579245164	0.123770696229	0.124547906253
HO_MNT_HUMAN.H10MO.D.bed	0.0109520975886	1.28027537766	0.114927143396	0.125286222648
HO_ATF7_HUMAN.H10MO.D.bed	-0.100336089311	-1.51520260552	0.0715530376788	0.126700268376
HO_RORA_HUMAN.H10MO.B.bed	0.0330843700238	1.25670044173	0.113887105185	0.127180547776
HO_DLX6_HUMAN.H10MO.D.bed	0.0149842115922	1.52914754045	0.0748137069399	0.127541452523
HO_SUH_HUMAN.H10MO.C.bed	0.0175980817518	1.17968058654	0.123385432094	0.130296642459
HO_BHE41_HUMAN.H10MO.D.bed	-0.0287834096403	-1.26248691017	0.0988253690817	0.130612498106
HO_SMAD3_HUMAN.H10MO.C.bed	0.0288911893124	1.7605499506	0.043388083392	0.13118755403
HO_MYC_HUMAN.H10MO.A.bed	0.0399239268805	1.28446119235	0.105409375809	0.131198854163
HO_DDIT3_HUMAN.H10MO.C.bed	-0.0258455043397	-1.13418788608	0.132050396895	0.133719280268
HO_IRF7_HUMAN.H10MO.C.bed	0.0240842351764	1.23844135364	0.10518421351	0.134041910258
HO_MYBB_HUMAN.H10MO.D.bed	0.0330751470991	1.44609924099	0.0761091853768	0.134396660679
HO_FOXM1_HUMAN.H10MO.D.bed	-0.0193036089441	-2.33731309312	0.0128203433459	0.134718689913
HO_NFE2_HUMAN.H10MO.B.bed	-0.0291160871193	-1.19685647153	0.132186519477	0.135353928091
HO_ZBTB4_HUMAN.H10MO.D.bed	0.064747083332	1.8597883614	0.0391255738896	0.135564826288
HO_CXXC1_HUMAN.H10MO.D.bed	0.0180956590287	1.42339655947	0.0854826239931	0.136644294213
HO_NKX61_HUMAN.H10MO.D.bed	0.0178899616304	1.46402300222	0.0758069286765	0.136879552906
HO_HEY2_HUMAN.H10MO.D.bed	0.0279368583818	1.39433122075	0.0886203153697	0.138213192584
HO_TFDP1_HUMAN.H10MO.S.bed	-0.0523296019042	-1.14504101678	0.135146362474	0.138828234528
HO_KLF12_HUMAN.H10MO.D.bed	-0.0206962039784	-1.13371787513	0.135759660538	0.139235107848
HO_GBX1_HUMAN.H10MO.D.bed	0.0137778672085	1.21687512705	0.125403085497	0.141520031345
HO_BARH1_HUMAN.H10MO.D.bed	0.0313137098355	1.32584690746	0.0946862413828	0.142140235893
HO_NR2E1_HUMAN.H10MO.D.bed	0.0323943674486	1.15868175597	0.132259771173	0.142245827722
HO_MYB_HUMAN.H10MO.C.bed	0.0119534525797	1.25296086274	0.118778581385	0.142846286431
HO_BHE23_HUMAN.H10MO.D.bed	-0.0286147448637	-1.4832011252	0.0744921855402	0.142962547698
HO_NR2C1_HUMAN.H10MO.C.bed	0.0350488731674	1.63029286297	0.059540344537	0.144020229616
HO_NFYB_HUMAN.H10MO.A.bed	-0.020542253928	-1.11937575133	0.123352554487	0.144550251236
HO_PLAG1_HUMAN.H10MO.S.bed	0.026387347907	1.18031780231	0.128334224039	0.144573352564
HO_ZBT7B_HUMAN.H10MO.D.bed	-0.0471493047393	-1.54681528562	0.0721987671451	0.144623155438
HO_ZSCA4_HUMAN.H10MO.D.bed	0.0434718527027	1.22975829438	0.11452686352	0.145658173644
HO_NFAC1_HUMAN.H10MO.S.bed	0.0368783415872	1.55541271458	0.0688635844353	0.1466496931
HO_PO3F1_HUMAN.H10MO.C.bed	-0.019334958523	-1.17904371354	0.117432482785	0.146733375176
HO_BARX2_HUMAN.H10MO.D.bed	0.016300058671	1.16868359076	0.129055305191	0.148251703634
HO_HLTF_HUMAN.H10MO.D.bed	0.0176267137257	1.12409648559	0.145981871301	0.148530761118
HO_PO3F3_HUMAN.H10MO.D.bed	-0.0102759723866	-1.16112377804	0.131704518083	0.149420524055
HO_RX_HUMAN.H10MO.D.bed	0.0183878041644	1.25059840516	0.115749728132	0.149587854299
HO_ARI3A_HUMAN.H10MO.D.bed	-0.00917834524769	-1.07647493759	0.14684966143	0.149651244795
HO_KAISO_HUMAN.H10MO.S.bed	0.0318135946812	1.46855569433	0.0862219017625	0.150185432146
HO_NFAT5_HUMAN.H10MO.D.bed	-0.0268374575147	-1.2717903707	0.109601520237	0.153060075102
HO_MAFK_HUMAN.H10MO.S.bed	-0.0258298359485	-1.18941293906	0.125722609889	0.153209492279
HO_MIXL1_HUMAN.H10MO.D.bed	0.0222523143769	1.17082043346	0.13395554298	0.153605551074
HO_DLX1_HUMAN.H10MO.D.bed	0.0125171664071	1.075953829	0.153166039311	0.153886255797
HO_PO4F3_HUMAN.H10MO.D.bed	0.0210862302828	1.07629760158	0.149726400086	0.156310460025
HO_PO3F2_HUMAN.H10MO.D.bed	0.0255864109931	1.82554315675	0.0396023385839	0.158656868952
HO_HIC1_HUMAN.H10MO.C.bed	-0.0303150860051	-1.25368077497	0.108254717195	0.159154297527
HO_FOS_HUMAN.H10MO.A.bed	0.0151914516279	1.03027712369	0.156011028029	0.15924055568
HO_ESX1_HUMAN.H10MO.D.bed	0.0197804683152	1.40006530414	0.0914885460549	0.160668926085
HO_GCM2_HUMAN.H10MO.D.bed	0.0925350460814	1.61887907415	0.0567013331249	0.160821037757
HO_INSM1_HUMAN.H10MO.C.bed	0.0353758624228	1.10754306762	0.135687667435	0.161066286714
HO_CUX2_HUMAN.H10MO.D.bed	-0.0525820267013	-1.68773789868	0.0550054254211	0.161736136215
HO_HXC8_HUMAN.H10MO.D.bed	0.0234384904793	1.03296804749	0.160589771392	0.161852269595
HO_PPARA_HUMAN.H10MO.S.bed	0.00937971310955	1.15210746741	0.124568062497	0.162292943213
HO_VDR_HUMAN.H10MO.B.bed	-0.0241570540596	-1.28066300906	0.121373410213	0.162422455003
HO_BACH1_HUMAN.H10MO.A.bed	-0.0346292729409	-1.56229802326	0.0726075615007	0.167415276698
HO_BHE40_HUMAN.H10MO.A.bed	-0.0339751545363	-1.28978934593	0.113579860924	0.16814016363
HO_ZIC1_HUMAN.H10MO.B.bed	0.0143464066235	1.10898871417	0.14806252206	0.169176607202
HO_ETV5_HUMAN.H10MO.D.bed	-0.0210831647134	-1.12765525583	0.151043775876	0.169264091498
HO_TEAD1_HUMAN.H10MO.D.bed	0.0200864420802	1.07311374826	0.145331615598	0.169685911836
HO_THB_HUMAN.H10MO.C.bed	0.0235340898194	2.43082805048	0.0106590277101	0.170810919054
HO_IRF1_HUMAN.H10MO.A.bed	-0.0166529644842	-1.1718327801	0.136257607328	0.170921969271
HO_GFI1B_HUMAN.H10MO.C.bed	0.0185388877262	0.993630960464	0.171385670287	0.173005062447
HO_TBR1_HUMAN.H10MO.D.bed	0.0332066749864	1.25493393545	0.10771858358	0.173051659335
HO_HXD13_HUMAN.H10MO.D.bed	0.0163396385094	1.14534517773	0.142158383115	0.173899854154
HO_NKX23_HUMAN.H10MO.D.bed	-0.0369777103724	-2.03690363447	0.0247334237741	0.174221149881
HO_LMX1B_HUMAN.H10MO.D.bed	0.0163145479267	1.55759793934	0.0685007234359	0.174241919533
HO_HXD12_HUMAN.H10MO.D.bed	-0.0134059323011	-1.4607336377	0.0761376812144	0.174300905923
HO_TBX1_HUMAN.H10MO.D.bed	0.0214433294723	1.64844868344	0.0582148172845	0.174372419997
HO_TFAP4_HUMAN.H10MO.C.bed	0.0293368739428	1.48222981376	0.0745120068424	0.176897023652
HO_NR6A1_HUMAN.H10MO.B.bed	0.0299050611759	1.22233159919	0.121753179306	0.178589903742
HO_LHX4_HUMAN.H10MO.D.bed	0.0197461074386	1.63805968008	0.0544943295981	0.180988939235
HO_UBIP1_HUMAN.H10MO.D.bed	0.0223535333971	1.49209390345	0.0785601829325	0.181794502743
HO_FOXP2_HUMAN.H10MO.A.bed	0.0133317672156	1.15840480638	0.141850712067	0.182950314758
HO_SOX1_HUMAN.H10MO.D.bed	-0.0313861188325	-1.20033879286	0.136127762241	0.184868422875
HO_RXRG_HUMAN.H10MO.B.bed	0.0379129949223	1.07235790333	0.146286392014	0.18494985657
HO_FOXI1_HUMAN.H10MO.B.bed	-0.0391653278942	-1.60530422055	0.0603011573715	0.185831932092
HO_MEOX1_HUMAN.H10MO.D.bed	-0.020538914748	-0.906004536238	0.185279746151	0.18585965146
HO_ASCL2_HUMAN.H10MO.D.bed	0.0128501063553	1.06064123644	0.150589646403	0.187797594055
HO_ZN282_HUMAN.H10MO.D.bed	0.0446323324317	2.1073711056	0.0221742057036	0.189515544746
HO_HMBX1_HUMAN.H10MO.D.bed	0.0209841997403	0.958966478563	0.176809924647	0.19079993552
HO_PAX3_HUMAN.H10MO.D.bed	-0.0506153580529	-0.999702111001	0.158040900978	0.191501356383
HO_TLX1_HUMAN.H10MO.S.bed	0.0321374104831	1.53901622412	0.0751059106102	0.192571554805
HO_ALX4_HUMAN.H10MO.D.bed	0.0422904390226	1.34938456045	0.102093015569	0.193043135633
HO_GATA6_HUMAN.H10MO.B.bed	-0.0207866302309	-1.40486810782	0.0869876397971	0.193607906632
HO_NFKB1_HUMAN.H10MO.B.bed	-0.0187081516053	-0.905094762699	0.185651069624	0.194131053229
HO_MAFG_HUMAN.H10MO.C.bed	-0.0297000434645	-1.02542065166	0.154869869353	0.195032585963
HO_ESR2_HUMAN.H10MO.S.bed	0.00997730502497	1.09887787771	0.146257413021	0.200322653304
HO_PAX4_HUMAN.H10MO.D.bed	0.0179482698807	1.02520906423	0.16562790177	0.201456328339
HO_NFAC4_HUMAN.H10MO.C.bed	-0.012197403326	-1.04952427339	0.162683140997	0.202092816626
HO_HESX1_HUMAN.H10MO.D.bed	0.0576904201173	1.84203368858	0.037950774817	0.202720388814
HO_NR4A3_HUMAN.H10MO.D.bed	0.0295518898595	1.41657073195	0.0868839409406	0.204002220304
HO_MEIS3_HUMAN.H10MO.D.bed	0.023921636559	1.26602480496	0.111094578888	0.204044770966
HO_ZN232_HUMAN.H10MO.D.bed	0.0432404716136	1.02490177943	0.14752619167	0.204242524536
HO_RHXF1_HUMAN.H10MO.D.bed	0.0335877203861	1.34672156607	0.0989673830812	0.205967832971
HO_NKX32_HUMAN.H10MO.C.bed	0.0298509971623	1.25349017597	0.117727224515	0.209619863649
HO_ISL2_HUMAN.H10MO.D.bed	0.0191702778817	1.20492111677	0.135143624574	0.209750758721
HO_NF2L2_HUMAN.H10MO.D.bed	-0.0170035765228	-0.829154776164	0.20177190907	0.2103021036
HO_GLIS2_HUMAN.H10MO.D.bed	0.0834604027254	1.21714036914	0.123748148748	0.212661027741
HO_HIF1A_HUMAN.H10MO.A.bed	-0.0482455159002	-0.949889265706	0.189633808867	0.212881386136
HO_NOTO_HUMAN.H10MO.D.bed	0.0218794982695	1.13927077688	0.155086820374	0.213327579098
HO_ZIC4_HUMAN.H10MO.D.bed	-0.0527412220185	-1.11697529561	0.145762027257	0.216782968612
HO_LHX8_HUMAN.H10MO.D.bed	0.0269205209687	1.31778330083	0.106251810364	0.217595560521
HO_BHA15_HUMAN.H10MO.D.bed	0.0276519671844	1.18670819949	0.120194835391	0.218877526948
HO_EHF_HUMAN.H10MO.S.bed	-0.0245833602858	-1.21624187744	0.1275193181	0.220323134507
HO_HOMEZ_HUMAN.H10MO.D.bed	0.0383903046737	1.05446385514	0.14512816597	0.220967112557
HO_MEIS1_HUMAN.H10MO.C.bed	0.0212863279965	0.826514074269	0.210068902547	0.222568870302
HO_NR2C2_HUMAN.H10MO.A.bed	-0.0193059916614	-1.01383230284	0.173410676556	0.222758003352
HO_RFX1_HUMAN.H10MO.C.bed	-0.0284278411208	-1.04393590147	0.155368402336	0.222798984111
HO_FOXJ3_HUMAN.H10MO.S.bed	0.0134476896952	1.48943478587	0.0720184052972	0.22301351592
HO_PO6F2_HUMAN.H10MO.D.bed	0.020039516757	1.1293239372	0.140728336166	0.223284315551
HO_TF65_HUMAN.H10MO.A.bed	0.0174936223732	0.891469711578	0.20329227257	0.223900939377
HO_ZN384_HUMAN.H10MO.C.bed	-0.0139100517594	-0.800361233915	0.223089987526	0.226266901906
HO_STAT2_HUMAN.H10MO.B.bed	-0.0117741456796	-0.933932624467	0.191638342097	0.230037785176
HO_ERR2_HUMAN.H10MO.A.bed	0.026138654745	1.83756540455	0.0406423244224	0.230546282785
HO_FOSB_HUMAN.H10MO.C.bed	0.0120886097232	0.828604591713	0.220930187283	0.231399101386
HO_TF2LX_HUMAN.H10MO.D.bed	0.0348224158394	1.12417061876	0.138863569764	0.231800906819
HO_HSFY1_HUMAN.H10MO.D.bed	0.0832625541326	1.26065236095	0.109289853597	0.231969523694
HO_PTF1A_HUMAN.H10MO.C.bed	0.0353475218634	1.7754733319	0.0478801720742	0.234283895416
HO_ZBTB4_HUMAN.H10MO.S.bed	-0.0600525238565	-1.5578410925	0.0711222561697	0.234996733014
HO_GLI2_HUMAN.H10MO.B.bed	0.026570485874	0.783520606516	0.21400520533	0.236512649339
HO_E2F3_HUMAN.H10MO.B.bed	-0.0804188168338	-1.14346809383	0.124389956206	0.236599293556
HO_HAND1_HUMAN.H10MO.D.bed	0.0155363171593	0.852711828906	0.204601143641	0.236731648147
HO_NDF2_HUMAN.H10MO.D.bed	0.0404963909481	1.32156740681	0.0996844461979	0.237538029788
HO_HXB2_HUMAN.H10MO.D.bed	0.0226818370255	0.949438901379	0.179168097263	0.238271266278
HO_HXA13_HUMAN.H10MO.C.bed	0.0129916204611	0.774657931583	0.22257275695	0.238577152516
HO_PAX2_HUMAN.H10MO.D.bed	-0.0274028937389	-0.765786690263	0.220251610546	0.238885418545
HO_HXB13_HUMAN.H10MO.D.bed	-0.0112058187465	-0.940175070649	0.200016445922	0.239198772082
HO_RUNX3_HUMAN.H10MO.C.bed	0.00926173860225	0.729255480013	0.229387756134	0.240650657418
HO_MAX_HUMAN.H10MO.A.bed	0.0275974017218	1.14548867036	0.14383625123	0.240728556236
HO_TBX21_HUMAN.H10MO.D.bed	0.0320422864852	1.18194698978	0.126814095173	0.241928080376
HO_ZN333_HUMAN.H10MO.D.bed	-0.0321302427008	-1.15074692973	0.136178322084	0.243827666078
HO_ZN589_HUMAN.H10MO.D.bed	0.0483958364547	1.39337648958	0.0894588375233	0.244013254691
HO_HXD10_HUMAN.H10MO.D.bed	-0.017567919889	-1.28392296931	0.103196268037	0.247748343864
HO_GRHL1_HUMAN.H10MO.D.bed	0.0668979196446	0.887936861094	0.202265210653	0.247900573668
HO_CEBPB_HUMAN.H10MO.A.bed	-0.0226409681675	-1.15292438889	0.132915344921	0.248392816602
HO_TF7L1_HUMAN.H10MO.D.bed	-0.0347302788043	-0.780108339698	0.224149837382	0.248581394052
HO_OLIG3_HUMAN.H10MO.D.bed	-0.0213524298682	-0.869243485707	0.199694293141	0.250007894343
HO_NGN2_HUMAN.H10MO.D.bed	-0.0287161388908	-1.31832653933	0.101427934036	0.250058868143
HO_PBX1_HUMAN.H10MO.B.bed	0.0206653065534	0.987338004547	0.176955787554	0.250394392543
HO_CTCFL_HUMAN.H10MO.A.bed	0.0249540693065	1.48582075176	0.089293453089	0.251039927325
HO_DLX4_HUMAN.H10MO.D.bed	0.0113583966878	0.968967350208	0.160556730041	0.251630474221
HO_DRGX_HUMAN.H10MO.D.bed	0.0291370338229	1.16894356251	0.126253823477	0.252114332862
HO_HXB1_HUMAN.H10MO.D.bed	0.0307572397256	1.2512621167	0.111689583783	0.254779442011
HO_PO6F1_HUMAN.H10MO.D.bed	-0.0238978618329	-0.941326084997	0.196360872799	0.258986254041
HO_P5F1B_HUMAN.H10MO.D.bed	-0.013709838754	-0.858468679254	0.210428117165	0.260394639195
HO_HXA9_HUMAN.H10MO.D.bed	0.0192272576914	0.739102871565	0.258715958506	0.261572443852
HO_HMGA1_HUMAN.H10MO.D.bed	-0.0183852815904	-1.91140735887	0.0386865728779	0.263809502285
HO_ZN524_HUMAN.H10MO.D.bed	0.0649770851194	1.71112803527	0.0491290752365	0.266879129039
HO_ZN423_HUMAN.H10MO.D.bed	0.0860175358523	1.55891174323	0.0645490145135	0.266941408407
HO_MSX1_HUMAN.H10MO.D.bed	0.0155272252739	0.811170975872	0.226876158936	0.267330179923
HO_RFX2_HUMAN.H10MO.C.bed	-0.0429822961626	-1.3633652645	0.0890194348169	0.267894167688
HO_HXA2_HUMAN.H10MO.D.bed	-0.0136493657143	-0.829487698379	0.199836741629	0.267981906662
HO_TFE2_HUMAN.H10MO.C.bed	0.0198034845794	1.02186273521	0.153542790258	0.268176917045
HO_TEAD3_HUMAN.H10MO.D.bed	0.0186472722573	1.24132368865	0.124181125759	0.2689192622
HO_TLX1_HUMAN.H10MO.D.bed	0.0126338472332	0.748910054967	0.251053015322	0.269556085128
HO_ESR2_HUMAN.H10MO.A.bed	0.0189602288109	0.827127861945	0.219066243076	0.27160824335
HO_GSX2_HUMAN.H10MO.D.bed	-0.0105014063292	-0.77825324704	0.228843110392	0.272149227758
HO_NR4A2_HUMAN.H10MO.C.bed	0.0121981135274	0.690982756751	0.248849096257	0.27313744983
HO_ZBT49_HUMAN.H10MO.D.bed	-0.0302623976558	-1.00309874669	0.158125349057	0.273941483096
HO_PO3F4_HUMAN.H10MO.D.bed	-0.0121097651913	-0.795228049452	0.202721496813	0.274144471428
HO_FOXL1_HUMAN.H10MO.D.bed	0.00957092442183	0.998805817414	0.179069759587	0.274602191136
HO_GATA4_HUMAN.H10MO.B.bed	0.0115174981737	0.9253881989	0.196244981031	0.276468204046
HO_IRF2_HUMAN.H10MO.C.bed	-0.0146872660294	-0.799086676391	0.233003688477	0.278129170044
HO_ZN143_HUMAN.H10MO.A.bed	0.0162952998533	0.834629749354	0.2134238794	0.28033751372
HO_CREB3_HUMAN.H10MO.D.bed	0.0659659956802	1.03070289851	0.167706654905	0.283641070697
HO_ZN652_HUMAN.H10MO.D.bed	0.0274714535489	1.10827110715	0.137279307867	0.283858181751
HO_PAX1_HUMAN.H10MO.D.bed	-0.0877433980202	-0.99187439243	0.158462318595	0.287746023284
HO_ALX1_HUMAN.H10MO.B.bed	0.0204518092089	1.08551142862	0.149004933325	0.288556381454
HO_ENOA_HUMAN.H10MO.A.bed	0.0287992437917	1.31918331431	0.111968734853	0.294147373119
HO_HNF1B_HUMAN.H10MO.B.bed	-0.0207873636153	-0.916178158673	0.189203068139	0.29436690941
HO_ONEC3_HUMAN.H10MO.D.bed	-0.0156479331204	-1.38500274096	0.0863825515718	0.294527742327
HO_OTX1_HUMAN.H10MO.D.bed	0.0165455962591	0.956048295748	0.175084082175	0.294564033265
HO_ANDR_HUMAN.H10MO.A.bed	0.0144958869223	0.696925959432	0.239136060928	0.294781182798
HO_EHF_HUMAN.H10MO.C.bed	-0.00604290159974	-0.629962924541	0.265011531192	0.298021739463
HO_NR1D1_HUMAN.H10MO.C.bed	0.0363691438855	1.55384217173	0.0735476541688	0.300280549823
HO_E2F2_HUMAN.H10MO.B.bed	-0.0625233903215	-0.775337710574	0.234972043237	0.304892873917
HO_BATF_HUMAN.H10MO.A.bed	0.0214533376326	1.03805407671	0.158555687632	0.305207795111
HO_ATF6A_HUMAN.H10MO.B.bed	0.0422229282855	0.927149865969	0.198831001047	0.305637102329
HO_FIGLA_HUMAN.H10MO.D.bed	0.024315036807	1.44181332057	0.0879917125625	0.306536346481
HO_CENPB_HUMAN.H10MO.D.bed	-0.116563700835	-0.675493357783	0.274724381246	0.307326925617
HO_MAFB_HUMAN.H10MO.D.bed	0.0224389170277	1.00296498382	0.178454989122	0.307499053837
HO_PLAL1_HUMAN.H10MO.D.bed	-0.0342173809644	-1.12961077887	0.147374362059	0.308715575423
HO_E2F7_HUMAN.H10MO.D.bed	-0.0465488814553	-0.820874343482	0.203255944965	0.308737110717
HO_BATF3_HUMAN.H10MO.D.bed	-0.0344279640264	-0.984067057988	0.166004045875	0.309327306412
HO_FOXJ2_HUMAN.H10MO.C.bed	-0.0123246465401	-1.52537887416	0.0752889647764	0.30936042578
HO_MAFA_HUMAN.H10MO.D.bed	0.0255229195809	1.08840936074	0.146758548323	0.310469404207
HO_RFX4_HUMAN.H10MO.D.bed	0.0208538315579	0.657759033684	0.27654046038	0.314853348319
HO_NKX62_HUMAN.H10MO.D.bed	0.00852937529262	0.673454132736	0.27208475154	0.315382144191
HO_STAT4_HUMAN.H10MO.D.bed	0.0128688855913	0.926593886744	0.191021584888	0.316394924841
HO_TFE3_HUMAN.H10MO.C.bed	0.0130253437316	0.656934228524	0.262802715445	0.317243955933
HO_NOBOX_HUMAN.H10MO.C.bed	-0.0257780040339	-1.42677560568	0.0866526336762	0.32106553865
HO_MITF_HUMAN.H10MO.C.bed	0.0143110914806	0.794002442156	0.222812737052	0.321673343357
HO_HXB3_HUMAN.H10MO.D.bed	0.0175658803616	1.38006111478	0.0939746241591	0.322126920246
HO_NFIA_HUMAN.H10MO.C.bed	0.0265598614828	1.07370562292	0.146588322159	0.322897300702
HO_FOXC1_HUMAN.H10MO.C.bed	-0.0402391048566	-2.1319570667	0.018669188255	0.323431072202
HO_NFYC_HUMAN.H10MO.B.bed	-0.0292840251247	-1.26953716293	0.100419467451	0.323461701688
HO_HXD8_HUMAN.H10MO.D.bed	-0.00929353536935	-0.753018475658	0.233618373342	0.324835959463
HO_THB_HUMAN.H10MO.S.bed	-0.0226489433239	-0.90353806296	0.197031320025	0.325507928186
HO_FOSL2_HUMAN.H10MO.A.bed	0.0113520121393	0.861457763309	0.206730926448	0.325588510695
HO_VENTX_HUMAN.H10MO.D.bed	-0.015213166169	-0.888604989335	0.208494092913	0.325962715994
HO_DBP_HUMAN.H10MO.B.bed	0.0136109858526	0.676561450802	0.265449385817	0.326589359518
HO_BARH2_HUMAN.H10MO.D.bed	-0.0170349224582	-1.06030461129	0.161322294566	0.328278066085
HO_REL_HUMAN.H10MO.C.bed	0.018192679472	1.04320297378	0.160864634295	0.331557011521
HO_JUN_HUMAN.H10MO.A.bed	0.0161715619977	0.986166187471	0.160215699694	0.332356839818
HO_LEF1_HUMAN.H10MO.C.bed	-0.00546171208652	-0.642195481229	0.264942402648	0.332996235485
HO_TBX20_HUMAN.H10MO.D.bed	0.0208528581698	0.777299657722	0.221703531102	0.334381090439
HO_ETS1_HUMAN.H10MO.C.bed	-0.0118447656252	-0.595893642503	0.285036661487	0.335244954153
HO_LHX6_HUMAN.H10MO.D.bed	0.0227237803951	0.92179741093	0.182233413183	0.335665568534
HO_ETV7_HUMAN.H10MO.D.bed	0.0258831418569	1.08113525285	0.15663834154	0.342679784734
HO_MLX_HUMAN.H10MO.D.bed	0.038208979488	1.12025405834	0.144210628418	0.344921689611
HO_ZN410_HUMAN.H10MO.D.bed	-0.0610673955697	-0.841343206534	0.205591074528	0.344983975844
HO_NFAC3_HUMAN.H10MO.B.bed	0.00929054759396	0.748486010891	0.247918443757	0.346977559931
HO_ARX_HUMAN.H10MO.D.bed	0.0164267556838	0.810401721898	0.233579298978	0.349823202441
HO_MEOX2_HUMAN.H10MO.D.bed	-0.00826365570173	-0.630266666363	0.294320532405	0.35263450705
HO_HXB7_HUMAN.H10MO.C.bed	0.0131434033571	0.742578491381	0.239535332068	0.35378375082
HO_ERR3_HUMAN.H10MO.B.bed	0.0368514944846	1.66773825325	0.0559299055121	0.354961083498
HO_MAFK_HUMAN.H10MO.A.bed	-0.0250875688023	-0.766453977144	0.232734848876	0.355197709833
HO_NR1I3_HUMAN.H10MO.C.bed	0.0276650998112	1.08764325819	0.135550273946	0.357562656786
HO_ISL1_HUMAN.H10MO.D.bed	-0.0187289752401	-2.02943595971	0.0268073414093	0.35798970507
HO_CEBPE_HUMAN.H10MO.A.bed	-0.0322747100058	-1.15962606717	0.124004200149	0.358048163494
HO_CDX1_HUMAN.H10MO.C.bed	0.0120034012991	1.27274447971	0.114163041412	0.360485268696
HO_TGIF1_HUMAN.H10MO.D.bed	-0.0171042067269	-0.872374172851	0.212736026477	0.364609072117
HO_MEF2C_HUMAN.H10MO.C.bed	0.00767724781503	0.713200862816	0.248584539992	0.366305034793
HO_STAT1_HUMAN.H10MO.A.bed	0.0182119224103	0.677875406969	0.270420249069	0.366468033093
HO_RFX3_HUMAN.H10MO.B.bed	-0.0204891686825	-0.669844460265	0.262318637437	0.367934894086
HO_CREM_HUMAN.H10MO.C.bed	-0.029355097084	-0.893636945909	0.191146279517	0.374693471469
HO_ZN784_HUMAN.H10MO.D.bed	0.0144690435848	0.563931411862	0.291375207692	0.375043189017
HO_HSF2_HUMAN.H10MO.A.bed	0.010276890712	0.469289481718	0.342013319411	0.377333111432
HO_HXA5_HUMAN.H10MO.D.bed	0.0198920321168	1.06675105329	0.149316341356	0.378307410313
HO_DLX3_HUMAN.H10MO.C.bed	-0.0196309615301	-0.893308478652	0.187202826268	0.378539468888
HO_GSC2_HUMAN.H10MO.D.bed	-0.038554247862	-1.23307628329	0.118131086311	0.378610131628
HO_STAT6_HUMAN.H10MO.C.bed	0.0236852676259	1.3414487329	0.10176126274	0.379238194282
HO_CREB5_HUMAN.H10MO.D.bed	-0.0874053696324	-1.38725612445	0.0856577724818	0.381296056673
HO_DPRX_HUMAN.H10MO.D.bed	-0.0357271530055	-0.784088570845	0.224265698184	0.389578082753
HO_MEF2D_HUMAN.H10MO.C.bed	0.0141157044698	0.84459619723	0.207991947033	0.389832859789
HO_IRX3_HUMAN.H10MO.D.bed	-0.00839070590063	-0.716115006489	0.245360019805	0.39123326541
HO_MYBA_HUMAN.H10MO.D.bed	-0.099274978491	-1.33641653762	0.103921431155	0.396509746251
HO_HXC6_HUMAN.H10MO.D.bed	0.0153457680485	1.09665518667	0.149394311842	0.399007307879
HO_IRF9_HUMAN.H10MO.C.bed	0.0152879363235	0.750894942794	0.246608874852	0.399182547425
HO_ZEP2_HUMAN.H10MO.D.bed	0.0230749768767	0.841145482224	0.208449900554	0.404898140167
HO_BHE22_HUMAN.H10MO.D.bed	-0.0343084621628	-1.7222142721	0.0490521117157	0.408342904023
HO_PROP1_HUMAN.H10MO.D.bed	0.0136224171233	1.02300170169	0.156806355631	0.408588918534
HO_KLF15_HUMAN.H10MO.D.bed	0.021023598713	2.13390712464	0.0191753353359	0.409712998344
HO_GLIS1_HUMAN.H10MO.D.bed	-0.0327666279737	-0.627621536112	0.265005359961	0.410310231244
HO_OVOL1_HUMAN.H10MO.C.bed	-0.0195540568853	-0.920792986914	0.18755371216	0.411718936626
HO_TBX4_HUMAN.H10MO.D.bed	0.0157114907583	0.664354264809	0.276321576265	0.412872098801
HO_OTX2_HUMAN.H10MO.C.bed	-0.018361824285	-1.12321090382	0.14962668659	0.413408215968
HO_MLXPL_HUMAN.H10MO.D.bed	0.0387795852795	1.09901205112	0.151850511274	0.417751835736
HO_HXB6_HUMAN.H10MO.D.bed	0.0260183536121	1.16999672487	0.135031456572	0.420170697392
HO_PKNX1_HUMAN.H10MO.D.bed	-0.0194047220769	-0.932910338119	0.186304103203	0.420496232932
HO_EVX1_HUMAN.H10MO.D.bed	0.00672298186423	0.602736174835	0.289055677212	0.423024404322
HO_BCL6B_HUMAN.H10MO.D.bed	0.0303759979138	0.78679152412	0.235602480436	0.430259800454
HO_FOXA2_HUMAN.H10MO.A.bed	0.00687434475044	0.463548403559	0.338815886121	0.432631440246
HO_ISX_HUMAN.H10MO.D.bed	0.0105722372722	0.921295477253	0.178279648433	0.432868388809
HO_TFCP2_HUMAN.H10MO.D.bed	0.0392863653948	1.8353427793	0.0401128899349	0.435802753361
HO_FOXA1_HUMAN.H10MO.A.bed	0.0165789035904	1.40665901217	0.0903614256935	0.438800559618
HO_MZF1_HUMAN.H10MO.D.bed	0.0122360629472	0.938371711401	0.177544135182	0.43940459711
HO_EVI1_HUMAN.H10MO.B.bed	-0.0245209568468	-1.04525751294	0.166088107785	0.43992759128
HO_E2F8_HUMAN.H10MO.D.bed	0.0184740460607	0.850814003285	0.196387967236	0.440156248247
HO_JUND_HUMAN.H10MO.A.bed	0.0112816723297	0.732195584444	0.242671698374	0.444435881879
HO_ELK3_HUMAN.H10MO.D.bed	0.0165091311818	0.875002669069	0.207304869203	0.447415559458
HO_MAFG_HUMAN.H10MO.S.bed	-0.0122149023185	-1.35342240979	0.0999470653279	0.451169499121
HO_SPIC_HUMAN.H10MO.D.bed	0.0102211729772	1.09568416563	0.152818886021	0.455613515997
HO_VSX2_HUMAN.H10MO.D.bed	0.0259483562129	1.22030131123	0.118921276618	0.456458313246
HO_PITX3_HUMAN.H10MO.D.bed	-0.0326427746024	-1.54580687539	0.0760221873723	0.464097353387
HO_ZEP1_HUMAN.H10MO.D.bed	0.0221159224264	0.918727373334	0.194498166437	0.468696709346
HO_MEF2B_HUMAN.H10MO.D.bed	0.0181483377389	0.576940528627	0.289171371367	0.469262908978
HO_SOX21_HUMAN.H10MO.D.bed	0.0211913309757	0.866211351505	0.19289436276	0.471928574538
HO_PRRX1_HUMAN.H10MO.D.bed	-0.00544748280564	-0.676213981048	0.250991658925	0.480255681704
HO_TBP_HUMAN.H10MO.C.bed	0.0136796051554	0.982919283857	0.1734889696	0.483506215276
HO_PPARG_HUMAN.H10MO.S.bed	0.0210387461888	1.47988456066	0.0781464822657	0.486329078955
HO_EMX1_HUMAN.H10MO.D.bed	0.0201263479296	1.23609382779	0.121857657435	0.494371888707
HO_RXRA_HUMAN.H10MO.C.bed	0.0241990451471	1.26049971292	0.108431147256	0.496459752793
HO_USF1_HUMAN.H10MO.A.bed	-0.0361179847917	-1.12220146294	0.138104102415	0.500139715525
HO_BMAL1_HUMAN.H10MO.C.bed	0.0371465645303	0.990930280418	0.170715099288	0.504278242597
HO_HXA7_HUMAN.H10MO.D.bed	-0.0258303825238	-0.848321123809	0.214940362842	0.50653225214
HO_ZN219_HUMAN.H10MO.D.bed	0.0114680653421	0.958953300019	0.176330096593	0.511437067494
HO_NKX22_HUMAN.H10MO.D.bed	-0.00717173333671	-0.444712832911	0.316998047823	0.511828082254
HO_HXA10_HUMAN.H10MO.C.bed	-0.0201464918498	-1.17707391335	0.126234380575	0.525430116548
HO_BARX1_HUMAN.H10MO.D.bed	0.0306172405523	1.07864401855	0.146004672684	0.525780871857
HO_PRD14_HUMAN.H10MO.C.bed	0.0316007936985	1.18404224542	0.121014976414	0.527691155658
HO_CEBPZ_HUMAN.H10MO.D.bed	-0.0244990920722	-1.20082410775	0.124815670282	0.529846653316
HO_AP2D_HUMAN.H10MO.D.bed	-0.0200137547495	-1.23792473315	0.111160313272	0.531744483636
HO_LMX1A_HUMAN.H10MO.D.bed	0.011538510893	1.25075555401	0.12244970941	0.537604546109
HO_HME1_HUMAN.H10MO.D.bed	-0.0207454777882	-1.21454298873	0.133717498886	0.539074948339
HO_DLX2_HUMAN.H10MO.D.bed	-0.0123653519747	-1.30393180105	0.114213379038	0.542302044175
HO_CR3L2_HUMAN.H10MO.D.bed	-0.0449924526004	-0.81746377123	0.211044547087	0.543291384269
HO_HXC11_HUMAN.H10MO.D.bed	0.0214851410939	0.840259111508	0.208488000902	0.545472688075
HO_COT2_HUMAN.H10MO.A.bed	0.0130949251574	0.844763606503	0.222990112269	0.554018069629
HO_CR3L1_HUMAN.H10MO.D.bed	0.0706462114232	1.40862864792	0.0815264321211	0.561918741824
HO_AHR_HUMAN.H10MO.B.bed	-0.0196590261112	-0.533683299878	0.307495518666	0.569666553367
HO_DMBX1_HUMAN.H10MO.D.bed	0.0133574330108	1.04021095216	0.163532386193	0.572810161473
HO_NR1H2_HUMAN.H10MO.D.bed	0.0426599463067	0.972145278068	0.174939641528	0.575058001125
HO_KLF8_HUMAN.H10MO.C.bed	0.0203682905112	1.25806997701	0.112220750114	0.575468006584
HO_NR2E3_HUMAN.H10MO.C.bed	0.026112229565	1.57715013149	0.0658054742795	0.577826150865
HO_ETV4_HUMAN.H10MO.B.bed	0.0183671598331	1.59465266052	0.0633926986944	0.580495998044
HO_SOX17_HUMAN.H10MO.D.bed	0.0273538082526	0.959922174268	0.173040993704	0.583785668233
HO_FOXK1_HUMAN.H10MO.D.bed	-0.0169554330893	-0.574262072769	0.295752559932	0.585115404063
HO_TGIF2_HUMAN.H10MO.D.bed	-0.0206458243663	-0.981179728327	0.172699013612	0.585714644051
HO_PO4F1_HUMAN.H10MO.D.bed	-0.0142622496502	-0.799983669998	0.22255892725	0.596904905302
HO_HXA11_HUMAN.H10MO.D.bed	0.00871882291943	0.752878562094	0.232812167505	0.601744352302
HO_MGAP_HUMAN.H10MO.D.bed	-0.0286459630198	-0.597322470735	0.283035397542	0.604752299415
HO_ARNT2_HUMAN.H10MO.D.bed	0.0182796066228	0.788429483962	0.219382659733	0.619490241801
HO_ZIC2_HUMAN.H10MO.C.bed	-0.00952425340037	-0.753363286214	0.235072635129	0.625234685136
HO_ELF5_HUMAN.H10MO.D.bed	0.0110193506237	0.89809369017	0.20502410999	0.628806002409
HO_MYOD1_HUMAN.H10MO.C.bed	0.0248857011963	1.75986174038	0.0373451166841	0.629953152487
HO_PIT1_HUMAN.H10MO.C.bed	0.0127556952791	0.946650719886	0.176401302525	0.631694049826
HO_GCM1_HUMAN.H10MO.D.bed	0.0236524792506	0.842236933851	0.222444942468	0.639404520725
HO_BSH_HUMAN.H10MO.D.bed	-0.0247731907533	-1.54451261785	0.0683973889046	0.644745974822
HO_MAF_HUMAN.H10MO.B.bed	0.00948454045772	0.603311706983	0.289114177178	0.645721907913
HO_COT1_HUMAN.H10MO.B.bed	-0.0190604573287	-0.779985673054	0.238461710959	0.647686257308
HO_HES1_HUMAN.H10MO.D.bed	0.0352196554822	1.3701634043	0.0905247771925	0.651981822252
HO_PDX1_HUMAN.H10MO.C.bed	0.0371056703995	1.575326072	0.0637902908175	0.659509297
HO_HNF1A_HUMAN.H10MO.A.bed	-0.0186347851331	-0.915107511002	0.204257400815	0.661257545064
HO_NR4A1_HUMAN.H10MO.C.bed	0.0143248194931	0.906114751147	0.189019842399	0.673120660989
HO_ZSC16_HUMAN.H10MO.D.bed	0.0202513224012	0.603138669534	0.293752071039	0.674892751024
HO_COT2_HUMAN.H10MO.S.bed	-0.0215128582855	-1.17987788026	0.146698154355	0.676500121882
HO_GLIS3_HUMAN.H10MO.D.bed	0.0452201360932	1.22043436968	0.125053036434	0.69102583064
HO_BC11A_HUMAN.H10MO.C.bed	-0.00843005370187	-0.918830385822	0.189730985779	0.711213812188
HO_GFI1_HUMAN.H10MO.C.bed	0.00906971221722	0.597560403051	0.28824942819	0.724579935175
HO_HME2_HUMAN.H10MO.D.bed	0.018778675947	0.838519439213	0.223013995501	0.729346791409
HO_LHX9_HUMAN.H10MO.D.bed	0.00987128020658	0.780503336992	0.232285812293	0.737104978611
HO_HXC13_HUMAN.H10MO.D.bed	0.0200334199428	0.883634972838	0.216160072356	0.744938743978
HO_VAX2_HUMAN.H10MO.D.bed	0.0240205218553	0.902315527846	0.199048069712	0.750528309916
HO_BRAC_HUMAN.H10MO.D.bed	-0.0421259197204	-0.69103870687	0.263179474303	0.753116263519
HO_GBX2_HUMAN.H10MO.D.bed	0.0152982841449	1.13209748248	0.135771497326	0.756778519879
HO_GATA2_HUMAN.H10MO.A.bed	0.01240262341	0.740350932653	0.21996590409	0.774715079791
HO_PHX2A_HUMAN.H10MO.D.bed	0.0230290026346	0.985371753901	0.187724443089	0.786479529542
HO_CEBPD_HUMAN.H10MO.B.bed	0.0232341265179	1.39799433481	0.0849882400404	0.789528432839
HO_HMX2_HUMAN.H10MO.D.bed	-0.0229694832785	-1.58084227966	0.0619018009708	0.793581088445
HO_FOXB1_HUMAN.H10MO.D.bed	0.0173304065446	0.882963999563	0.206189968043	0.815850429109
HO_STA5B_HUMAN.H10MO.C.bed	0.00906304873363	0.766417309996	0.225989019421	0.823062280961
HO_MTF1_HUMAN.H10MO.C.bed	0.0871435490454	1.58387621906	0.0539333700922	0.843202200709
HO_NFAC1_HUMAN.H10MO.A.bed	0.0090720411128	0.686552102501	0.261030539316	0.87146133178
HO_EPAS1_HUMAN.H10MO.D.bed	-0.0223307050658	-1.14090705046	0.145214833481	0.878138757184
HO_PAX7_HUMAN.H10MO.D.bed	-0.0261882626884	-0.788950181633	0.205684096394	0.884855743549
HO_EGR3_HUMAN.H10MO.D.bed	0.0305209795502	1.17721336982	0.133897872544	0.903458276849
HO_SOX5_HUMAN.H10MO.C.bed	-0.0122559685748	-1.42512726335	0.0818461127614	0.90454066
HO_SHOX_HUMAN.H10MO.D.bed	0.0168997930798	1.38389256883	0.0960924423458	0.919332172293
HO_IRF8_HUMAN.H10MO.D.bed	-0.00873259341931	-0.609837325934	0.310685335878	0.943835546436
HO_TF7L2_HUMAN.H10MO.A.bed	-0.0175368254547	-1.06086964285	0.153797420532	0.947924486161
HO_GSC_HUMAN.H10MO.D.bed	0.0186480006609	0.688550581345	0.245078948975	0.952094583593
HO_PEBB_HUMAN.H10MO.C.bed	-0.013704972805	-0.957198265866	0.183455391959	0.963892674144
HO_NRL_HUMAN.H10MO.D.bed	0.028256361444	1.07420177415	0.161138695118	0.965326201595
HO_HMX3_HUMAN.H10MO.D.bed	-0.0208751652539	-1.08913807729	0.145669316636	0.972646166291
HO_MEIS2_HUMAN.H10MO.B.bed	-0.0218938259454	-0.882102675924	0.191896110782	1.00004395944
HO_IRF3_HUMAN.H10MO.C.bed	-0.00936955888011	-0.664468505473	0.264050448162	1.00151678859
HO_PPARA_HUMAN.H10MO.C.bed	-0.0263202622644	-1.24492574963	0.114126331483	1.01604136778
HO_STA5A_HUMAN.H10MO.B.bed	0.00932297402292	0.781606377012	0.221262066492	1.02774626537
HO_COT1_HUMAN.H10MO.S.bed	-0.0294553008063	-1.35195930662	0.0984973448468	1.05227996745
HO_PHX2B_HUMAN.H10MO.D.bed	0.0155447146746	0.870733088173	0.195753291647	1.05443579786
HO_SMAD2_HUMAN.H10MO.C.bed	-0.0138333057241	-0.816033697082	0.213505959481	1.07761669313
HO_FOXQ1_HUMAN.H10MO.C.bed	-0.0116725383434	-0.701904220934	0.247385537481	1.09361468638
HO_FOXO6_HUMAN.H10MO.D.bed	0.0184647267123	0.921544494596	0.192929526645	1.10417702303
HO_HXC12_HUMAN.H10MO.D.bed	-0.0238993172788	-1.84662493448	0.0365992482788	1.11714848318
HO_GCR_HUMAN.H10MO.A.bed	0.0243196211843	0.941173012042	0.176232000941	1.12964712603
HO_ZKSC3_HUMAN.H10MO.D.bed	0.0328676422698	0.845998397986	0.218694662894	1.13051031383
HO_LHX3_HUMAN.H10MO.C.bed	0.0178475622624	1.1549637811	0.140266281192	1.13810995246
HO_SMAD4_HUMAN.H10MO.C.bed	-0.0169611288699	-1.03045241291	0.165464263453	1.15285427036
HO_SOX2_HUMAN.H10MO.B.bed	-0.0231262959027	-1.05653548687	0.146068683525	1.17037532675
HO_ALX3_HUMAN.H10MO.D.bed	0.0166133309908	0.972978946191	0.163534708013	1.19120167996
HO_NR1H4_HUMAN.H10MO.C.bed	-0.0335777462217	-0.922245370392	0.182858102497	1.20837158454
HO_SHOX2_HUMAN.H10MO.D.bed	0.0165267294106	1.2818195384	0.106216202989	1.21579618064
HO_JDP2_HUMAN.H10MO.D.bed	-0.0783707551363	-1.37282779914	0.0975798871941	1.2765042386
HO_E2F5_HUMAN.H10MO.B.bed	-0.0726043957535	-1.03017936763	0.165891868157	1.2811649095
HO_PRDM1_HUMAN.H10MO.C.bed	-0.0100654008251	-0.561229563081	0.296323059038	1.34711404853
HO_STAT1_HUMAN.H10MO.S.bed	0.0221775626256	1.17936461762	0.140224224046	1.40443324396
HO_JUNB_HUMAN.H10MO.C.bed	0.0165469554109	1.23378353664	0.1184584437	1.40614560021
HO_UNC4_HUMAN.H10MO.D.bed	0.0322091308654	1.76556321496	0.0418849304441	1.41306528498
HO_RELB_HUMAN.H10MO.C.bed	0.0149437124504	0.706511749114	0.255493084112	1.43658830628
HO_CUX1_HUMAN.H10MO.C.bed	-0.0267096249765	-0.589121525385	0.295262329293	1.47861838341
HO_GLI3_HUMAN.H10MO.B.bed	-0.0353039434245	-1.51526250516	0.0807259891171	1.52192232424
HO_PAX8_HUMAN.H10MO.D.bed	-0.0216192718318	-0.796718974492	0.216165042783	1.53957547137
HO_MEF2A_HUMAN.H10MO.A.bed	0.0126397802553	0.861703534512	0.202826270226	1.66681588737
HO_GATA1_HUMAN.H10MO.S.bed	-0.00772727249212	-0.576401245359	0.262805196608	1.71896052067
HO_FOXO4_HUMAN.H10MO.C.bed	0.00864387190718	0.741851950654	0.236647139012	1.74357259893
HO_MSX2_HUMAN.H10MO.D.bed	-0.0152934644178	-1.79168407151	0.0439277866061	1.75985695091
HO_ETV3_HUMAN.H10MO.D.bed	-0.0360067549374	-1.48753212995	0.0733190768459	1.87990113033
HO_EOMES_HUMAN.H10MO.D.bed	0.0179485924591	1.09323595682	0.153907996126	1.93441226503
HO_HXD3_HUMAN.H10MO.D.bed	0.019564024651	0.928994441563	0.192363798219	1.95722531203
HO_FOSL1_HUMAN.H10MO.A.bed	0.00953283931007	0.690353413275	0.251453435833	1.96562990694
HO_PO2F3_HUMAN.H10MO.D.bed	0.0146622763081	0.856665139188	0.207221727598	2.01256253621
HO_SRBP2_HUMAN.H10MO.B.bed	0.0317862215862	2.37386636822	0.0126906091342	2.03367011376
HO_CEBPA_HUMAN.H10MO.A.bed	-0.0178800090702	-0.993972534078	0.165671299134	2.25947452649
HO_ZN740_HUMAN.H10MO.D.bed	0.0190237869305	1.03440628403	0.160096190254	2.28048128784
HO_HSF4_HUMAN.H10MO.D.bed	-0.018033447312	-0.665195181536	0.253422115219	2.2879376881
HO_PPARG_HUMAN.H10MO.A.bed	-0.0150505606873	-0.854295629818	0.197257278759	2.29894392154
HO_PO5F1_HUMAN.H10MO.A.bed	-0.0316123832024	-1.65320554214	0.0612205943066	2.3083765265
HO_LHX2_HUMAN.H10MO.D.bed	0.0125622543244	0.706839490069	0.269089976181	2.33090100989
HO_E2F4_HUMAN.H10MO.A.bed	-0.0584364544442	-1.49090383771	0.0734570879348	2.61588852034
HO_CEBPG_HUMAN.H10MO.C.bed	0.0223812353678	1.26688547562	0.115814868265	2.65133323422
HO_SRY_HUMAN.H10MO.B.bed	0.018095822752	2.31080758925	0.0124765544345	2.6658237975
HO_FOXH1_HUMAN.H10MO.A.bed	0.0204328527181	0.854989449499	0.192859611602	2.68745676167
HO_ATOH1_HUMAN.H10MO.D.bed	0.0206532792495	0.789266345593	0.220562620706	2.71885845909
HO_ARI5B_HUMAN.H10MO.C.bed	0.0125576119202	0.681012068715	0.230551659859	2.7883700749
HO_ARNT_HUMAN.H10MO.B.bed	-0.025727390349	-1.08814102982	0.139256942093	2.78949062131
HO_HMGA2_HUMAN.H10MO.D.bed	0.0164115638735	0.442219439274	0.355257426341	2.81135815166
HO_YBOX1_HUMAN.H10MO.D.bed	0.0212658365724	1.03717766601	0.151291028483	2.93871361387
HO_ERF_HUMAN.H10MO.D.bed	0.0241848386507	0.834573773329	0.221717689703	3.2300236159
HO_XBP1_HUMAN.H10MO.C.bed	0.0383321203378	0.758204410397	0.226119599317	3.37075960843
HO_GSX1_HUMAN.H10MO.D.bed	-0.0214333563722	-1.56303044985	0.0649349698703	3.46860964057
HO_MAFF_HUMAN.H10MO.A.bed	-0.0260162545975	-0.756163472731	0.225065870739	3.69915956779
HO_VDR_HUMAN.H10MO.S.bed	0.0165071557493	1.11638259927	0.133805525763	3.7291018267
HO_HXA1_HUMAN.H10MO.C.bed	0.0137656156153	0.670995121996	0.249001089324	3.80023091087
HO_VAX1_HUMAN.H10MO.D.bed	0.0170471533725	0.840188610581	0.219152926669	4.01362931413
HO_FOXD2_HUMAN.H10MO.D.bed	-0.0153525592642	-1.09038673267	0.153172809372	4.09099045032
HO_TBX19_HUMAN.H10MO.D.bed	-0.0458012756368	-1.04144793879	0.153558324737	4.47413118894
HO_VSX1_HUMAN.H10MO.D.bed	0.0111753390481	0.785209345908	0.218837209716	4.52498875575
HO_HSF1_HUMAN.H10MO.A.bed	0.0163558955087	0.943383077796	0.188925389799	4.65773749466
HO_ELF3_HUMAN.H10MO.D.bed	-0.0156931790445	-0.892285360413	0.200482227912	4.75959659599
HO_GMEB2_HUMAN.H10MO.D.bed	0.0459762881295	1.0240990186	0.162136414284	5.19647207781
HO_NR1I2_HUMAN.H10MO.C.bed	0.0344566910146	1.60811037671	0.0631400804478	5.78182736672
HO_SOX4_HUMAN.H10MO.C.bed	0.0247555122954	1.07300301658	0.151768619032	6.48557898661
HO_EMX2_HUMAN.H10MO.D.bed	0.0201535980673	1.31471722312	0.114459000249	6.66983810543
HO_ZFHX3_HUMAN.H10MO.D.bed	-0.0135936582057	-0.956216748279	0.175135775974	8.01871659993
HO_SPZ1_HUMAN.H10MO.D.bed	0.0376191259516	1.06142142929	0.166997333781	8.23425315028
HO_HXB8_HUMAN.H10MO.C.bed	0.0223511653018	1.12743308219	0.145640661895	9.33556642744
HO_SOX9_HUMAN.H10MO.B.bed	0.0188913643756	1.02845585514	0.163912930985	11.6742431957
HO_RUNX1_HUMAN.H10MO.A.bed	0.0109086512618	0.800049919004	0.215845767524	17.2946421229
HO_HINFP_HUMAN.H10MO.C.bed	0.0849090210934	0.722220022275	0.247992288632	26.4938428355
HO_OLIG2_HUMAN.H10MO.D.bed	-0.0188758925906	-0.853194029319	0.212496416147	27.2420405501
HO_NR0B1_HUMAN.H10MO.D.bed	0.0261869971691	1.47003105719	0.0789894145873	50.6322147505
HO_FEV_HUMAN.H10MO.C.bed	0.0121026301554	0.793720182248	0.240816511507	77.181691938
