MOTIF	LENGTH	GC	EVENT_p14	EVENT_p15	EVENT_p16	EVENT_p17	best_pval
AHR.H12CORE.0.P.B	10	0.650049850448654	127894	14297	708	0	1e-05
AHRR.H12CORE.0.P.C	11	0.577844311377246	130296	16920	463	0	1e-05
ALX1.H12CORE.0.SM.B	20	0.331038596491228	428108	77581	8170	672	1e-06
ALX3.H12CORE.0.SM.B	12	0.348995341860098	256490	15255	464	25	1e-05
ALX3.H12CORE.1.S.B	20	0.338660477453581	423106	86984	7955	577	1e-06
ALX4.H12CORE.0.S.B	20	0.321288692356286	440984	70755	8591	732	1e-06
ALX4.H12CORE.1.SM.B	13	0.334108019639935	329671	36853	2884	50	1e-05
ANDR.H12CORE.0.P.B	17	0.472235294117647	462973	80185	10909	1430	1e-06
ANDR.H12CORE.1.S.C	8	0.463435180978343	355683	0	0	0	1e-05
ANDR.H12CORE.2.P.B	19	0.407711260222269	751686	267992	46164	8676	1e-07
AP2A.H12CORE.0.PSM.A	15	0.656544256120527	335723	58690	7565	835	1e-06
AP2B.H12CORE.0.SM.B	18	0.577171778725709	291669	41015	5059	574	1e-05
AP2C.H12CORE.0.PSM.A	15	0.629450239250921	305138	49201	5464	429	1e-06
AP2E.H12CORE.0.SM.B	16	0.616244355243352	363781	61639	7387	700	1e-06
ARGFX.H12CORE.0.SM.B	15	0.252139772281115	444297	114063	27828	2076	1e-06
ARI1A.H12CORE.0.P.C	11	0.258377985650713	695690	157365	15771	0	1e-06
ARNT.H12CORE.0.P.B	9	0.604888888888889	99360	7110	0	0	1e-05
ARNT.H12CORE.1.P.B	19	0.600241863399758	179332	31349	2808	276	1e-05
ARNT2.H12CORE.0.P.B	13	0.553239480438671	252450	32042	2065	301	1e-05
ARNT2.H12CORE.1.P.B	11	0.652059517328978	130185	29043	1178	0	1e-05
ARNT2.H12CORE.2.S.C	12	0.565499068250641	162742	16103	1445	57	1e-05
ARX.H12CORE.0.S.B	18	0.242504536622184	506680	121321	15268	2843	1e-06
ARX.H12CORE.1.SM.B	12	0.357175819104753	280617	24537	617	25	1e-05
ASCL1.H12CORE.0.PSM.A	11	0.592611186016046	470365	105818	9386	0	1e-06
ASCL2.H12CORE.0.PSM.A	9	0.645168590178773	554569	111118	0	0	1e-06
ATF1.H12CORE.0.P.B	10	0.550560652395515	87638	10519	1629	0	1e-05
ATF1.H12CORE.1.P.B	19	0.595249184909176	100531	8803	1310	375	1e-05
ATF2.H12CORE.0.PSM.A	11	0.446946529515337	301327	35899	1182	0	1e-05
ATF2.H12CORE.1.P.B	11	0.364189562972524	423806	55244	7869	0	1e-06
ATF3.H12CORE.0.P.B	10	0.421990288568258	385323	69298	5666	0	1e-06
ATF3.H12CORE.1.P.B	10	0.43485332464146	173580	9129	605	0	1e-05
ATF3.H12CORE.2.P.B	12	0.458009499136442	344028	34351	2474	43	1e-05
ATF3.H12CORE.3.SM.B	15	0.466402582159624	255351	31294	3113	157	1e-05
ATF4.H12CORE.0.P.B	13	0.413461538461538	476942	82155	6171	542	1e-06
ATF4.H12CORE.1.S.B	12	0.44777206512425	258468	28733	2658	32	1e-05
ATF4.H12CORE.2.SM.B	17	0.459890882233817	278312	37967	4543	401	1e-05
ATF6A.H12CORE.0.SM.B	15	0.498530012249898	93902	9420	1523	180	1e-05
ATF6B.H12CORE.0.SM.B	14	0.549855886482891	90695	11056	1325	136	1e-05
ATF7.H12CORE.0.PSM.A	11	0.447149143338639	325629	32137	1182	0	1e-05
ATOH1.H12CORE.0.P.B	10	0.586713286713287	502162	112406	11044	0	1e-06
ATOH1.H12CORE.1.SM.B	14	0.447914406268837	320604	30930	1708	17	1e-05
ATOH8.H12CORE.0.P.C	11	0.59366802351877	556416	117607	10701	0	1e-06
BACH1.H12CORE.0.P.B	12	0.488416666666666	457285	78978	10698	1187	1e-06
BACH2.H12CORE.0.P.B	11	0.529272727272727	434271	77038	8241	0	1e-06
BACH2.H12CORE.1.SM.B	17	0.429005172139877	321155	52415	6316	741	1e-06
BARH1.H12CORE.0.SM.B	12	0.415441299895928	172205	12310	566	32	1e-05
BARH1.H12CORE.1.S.B	18	0.37029450589467	396241	45736	2598	140	1e-06
BARH2.H12CORE.0.SM.B	12	0.391471237283064	236208	19084	1180	13	1e-05
BARH2.H12CORE.1.S.B	20	0.373251335569636	444243	65495	4725	423	1e-06
BARH2.H12CORE.2.S.C	14	0.442984239959329	192996	8677	268	13	1e-05
BARX1.H12CORE.0.P.C	11	0.289944903581267	662318	92900	8747	0	1e-06
BARX1.H12CORE.1.S.B	16	0.354727874677003	421640	60233	6164	600	1e-06
BARX2.H12CORE.0.SM.B	13	0.253370777859961	482105	89711	9618	710	1e-06
BATF.H12CORE.0.P.B	19	0.396052631578947	496352	76323	7853	741	1e-06
BATF.H12CORE.1.P.B	11	0.392818181818182	479650	72866	7235	0	1e-06
BATF3.H12CORE.0.P.B	18	0.392833333333333	585005	88907	10689	869	1e-06
BATF3.H12CORE.1.P.B	16	0.3771875	516916	89521	11169	1550	1e-06
BATF3.H12CORE.2.SM.B	14	0.469117308963416	226017	22905	2059	169	1e-05
BCL6.H12CORE.0.PSM.A	16	0.443708321756043	377724	50352	4970	452	1e-06
BCL6B.H12CORE.0.PSM.A	15	0.396993987975952	599189	120613	15011	1717	1e-06
BHA15.H12CORE.0.P.B	12	0.602686019352686	491201	118600	11333	284	1e-06
BHA15.H12CORE.1.SM.B	14	0.4657917383821	304813	35215	4166	296	1e-05
BHE22.H12CORE.0.SM.B	11	0.416816658820923	277851	40555	3884	0	1e-05
BHE23.H12CORE.0.SM.B	11	0.436332503113325	265614	42495	2845	0	1e-06
BHE40.H12CORE.0.PSM.A	10	0.634865134865135	138958	35217	1741	0	1e-05
BHE40.H12CORE.1.S.C	22	0.587157751144889	133043	15957	1617	207	1e-05
BHE41.H12CORE.0.PSM.A	12	0.60859790654638	139105	33422	1473	45	1e-05
BMAL1.H12CORE.0.PSM.A	8	0.614021956087824	138467	0	0	0	1e-05
BSH.H12CORE.0.SM.B	12	0.388488398287903	215139	13579	544	25	1e-05
CDX1.H12CORE.0.M.B	11	0.365225781191737	274503	9654	186	0	1e-05
CDX1.H12CORE.1.S.B	13	0.369503734799661	462734	39476	1746	173	1e-05
CDX2.H12CORE.0.PS.A	13	0.335846153846154	574666	139426	15902	1135	1e-06
CDX2.H12CORE.1.M.C	10	0.385072094995759	100732	5812	0	0	1e-05
CDX4.H12CORE.0.S.C	14	0.38758098659311	526116	69574	4863	352	1e-06
CDX4.H12CORE.1.M.C	13	0.431037384435868	258027	9604	378	39	1e-05
CEBPA.H12CORE.0.P.B	12	0.419073705179283	355657	120696	2175	12	1e-06
CEBPB.H12CORE.0.P.B	11	0.419805531955065	346063	30189	925	0	1e-05
CEBPB.H12CORE.1.SM.B	13	0.478388127709395	146271	3152	280	19	1e-05
CEBPD.H12CORE.0.P.B	11	0.394632034632035	437597	107670	5687	0	1e-06
CEBPD.H12CORE.1.SM.B	13	0.446604677373908	146296	4237	431	18	1e-05
CEBPE.H12CORE.0.P.B	11	0.443727272727273	431055	95528	5504	0	1e-06
CEBPE.H12CORE.1.SM.B	13	0.477930858527873	257254	3247	341	10	1e-05
CEBPG.H12CORE.0.P.B	12	0.397833333333333	367116	133167	3192	33	1e-06
CEBPG.H12CORE.1.SM.B	12	0.437266908577764	131635	3630	347	33	1e-05
CEBPG.H12CORE.2.P.B	12	0.378101037437979	576163	75890	5919	375	1e-06
CENPB.H12CORE.0.S.B	18	0.536102381451219	59763	4556	1643	1411	1e-05
CLOCK.H12CORE.0.M.C	11	0.475253002165183	333955	48019	8404	0	1e-06
CLOCK.H12CORE.1.PS.A	12	0.490359218172214	147800	20770	2289	206	1e-05
COE1.H12CORE.0.P.B	14	0.642929659173314	442637	87609	11366	1299	1e-06
COE2.H12CORE.0.P.B	14	0.613	430072	77641	8219	928	1e-06
COE3.H12CORE.0.P.B	13	0.629384615384615	480006	100104	13112	1180	1e-06
COT1.H12CORE.0.PSM.A	10	0.529515373650988	619643	84454	11533	0	1e-06
COT1.H12CORE.1.PSM.A	16	0.497924725983237	421012	64376	8459	1095	1e-06
COT2.H12CORE.0.P.B	14	0.549857142857143	494597	95403	17916	6324	1e-06
COT2.H12CORE.1.P.B	12	0.562428407789233	610007	118369	21018	1461	1e-06
CPEB1.H12CORE.0.S.B	8	0.16132498453927	730303	0	0	0	1e-05
CPEB1.H12CORE.1.S.B	18	0.2281029314637	810360	666735	280488	104700	1e-08
CR3L1.H12CORE.0.PSM.A	14	0.591696034225389	142999	20355	2538	351	1e-05
CR3L2.H12CORE.0.PS.A	11	0.591063829787234	142757	17162	2487	0	1e-05
CR3L4.H12CORE.0.M.C	13	0.621861538461538	154885	14333	1673	186	1e-05
CR3L4.H12CORE.1.S.C	11	0.62345418971925	146389	17550	2358	0	1e-05
CREB1.H12CORE.0.PSM.A	11	0.507904446847764	82512	9226	591	0	1e-05
CREB3.H12CORE.0.SM.B	14	0.570121951219512	91882	11269	1464	181	1e-05
CREB5.H12CORE.0.P.B	11	0.360454545454545	532736	85880	9662	0	1e-06
CREB5.H12CORE.1.SM.B	12	0.445099954246296	258610	25644	2392	115	1e-05
CREM.H12CORE.0.PSM.A	10	0.529600356228431	82303	5171	141	0	1e-05
CREM.H12CORE.1.P.C	18	0.497116877356398	426524	55812	8356	2005	1e-06
CRX.H12CORE.0.PSM.A	12	0.428060545575516	458724	58535	4692	394	1e-06
CTCF.H12CORE.0.P.B	20	0.668609406952965	326389	65442	17418	4682	1e-06
CTCFL.H12CORE.0.P.B	16	0.778482880755608	381335	60617	12803	3276	1e-06
CUX1.H12CORE.0.PM.A	13	0.314933361318082	394106	96131	22953	1469	1e-06
CUX1.H12CORE.1.S.B	14	0.382042441261152	148969	7903	500	73	1e-05
CUX1.H12CORE.2.P.C	19	0.415578947368421	648358	128200	20265	5228	1e-06
CUX2.H12CORE.0.P.C	10	0.260914760914761	401097	110386	32600	0	1e-06
CUX2.H12CORE.1.SM.B	13	0.333595757476354	186313	10598	860	74	1e-05
CUX2.H12CORE.2.S.C	13	0.430062727772651	174839	21296	2825	455	1e-05
DBP.H12CORE.0.SM.B	14	0.367818007884972	227191	31794	1044	51	1e-05
DDIT3.H12CORE.0.P.B	11	0.412895044869294	451150	109288	6012	0	1e-06
DLX1.H12CORE.0.S.B	17	0.290632120854081	482657	94378	9953	885	1e-06
DLX1.H12CORE.1.PSM.A	11	0.314777070063694	260661	32251	3701	0	1e-05
DLX2.H12CORE.0.PSM.A	13	0.342478972000193	281923	24075	2904	175	1e-05
DLX2.H12CORE.1.S.B	20	0.290246535448885	553999	173637	27139	2178	1e-06
DLX3.H12CORE.0.SM.B	13	0.381766139174177	273318	20530	1372	25	1e-05
DLX3.H12CORE.1.S.B	18	0.307930046736017	473616	97023	10686	1123	1e-06
DLX4.H12CORE.0.SM.B	13	0.364588167737774	259043	25921	2187	180	1e-05
DLX4.H12CORE.1.S.C	18	0.277777777777778	537216	136904	15239	1453	1e-06
DLX5.H12CORE.0.PSM.A	13	0.379420731707317	226215	14879	403	26	1e-05
DLX6.H12CORE.0.SM.B	13	0.382499960010877	192380	7419	178	5	1e-05
DMBX1.H12CORE.0.SM.B	9	0.406476861751274	245054	10602	0	0	1e-05
DMRT1.H12CORE.0.PS.A	16	0.398272104607721	451741	62376	6469	787	1e-06
DMRT1.H12CORE.1.M.C	13	0.427040925648168	207330	13098	865	39	1e-05
DMRT3.H12CORE.0.S.C	16	0.264524161983139	475754	103809	17178	2195	1e-06
DMRTA.H12CORE.0.SM.B	16	0.313388502646052	458641	101578	16355	2144	1e-06
DMRTB.H12CORE.0.P.C	16	0.397814417177914	524471	75846	7409	779	1e-06
DMRTD.H12CORE.0.SM.B	14	0.320955889519131	398867	78493	11674	1714	1e-06
DMTA2.H12CORE.0.SM.B	16	0.353247350205494	434506	91372	14111	1870	1e-06
DPF1.H12CORE.0.SM.B	14	0.468745515083671	199844	19114	2092	177	1e-05
DPRX.H12CORE.0.SM.B	12	0.455833709216659	199638	6410	156	10	1e-05
DRGX.H12CORE.0.S.B	20	0.340942343123442	374906	53514	5950	333	1e-06
DRGX.H12CORE.1.SM.B	15	0.324954231798338	403943	74087	6795	481	1e-06
DUX4.H12CORE.0.P.B	12	0.24792531120332	465226	75906	7356	375	1e-06
DUXA.H12CORE.0.SM.B	14	0.296928808930056	407118	70032	10581	1486	1e-06
E2F1.H12CORE.0.P.B	13	0.66141611867258	195777	27694	3202	277	1e-05
E2F1.H12CORE.1.S.B	14	0.564774057771257	58945	3730	409	62	1e-05
E2F2.H12CORE.0.S.B	16	0.614075887392901	150841	8899	305	17	1e-05
E2F3.H12CORE.0.P.B	11	0.683890577507599	270776	33725	2110	0	1e-05
E2F3.H12CORE.1.SM.B	15	0.495410628019324	64792	3667	405	56	1e-05
E2F4.H12CORE.0.P.B	15	0.58651985318652	121757	9084	948	115	1e-05
E2F4.H12CORE.1.P.B	13	0.662615384615384	188141	25020	2880	289	1e-05
E2F4.H12CORE.2.S.B	16	0.573308319484836	148828	11442	678	49	1e-05
E2F6.H12CORE.0.P.B	11	0.670613955183093	370490	28891	4023	0	1e-05
E2F7.H12CORE.0.S.C	16	0.468821038103486	125511	11572	1153	214	1e-05
E2F7.H12CORE.1.P.B	12	0.628992015968064	342211	24870	1848	156	1e-05
E2F8.H12CORE.0.P.C	11	0.619217081850534	292280	19257	1519	0	1e-05
E2F8.H12CORE.1.SM.B	13	0.51517316264716	125380	14344	1270	45	1e-05
E4F1.H12CORE.0.P.B	13	0.549846153846154	283346	31234	1906	208	1e-05
EGR1.H12CORE.0.PS.A	16	0.672575884192366	241568	25126	1503	99	1e-05
EGR2.H12CORE.0.PSM.A	14	0.676491104254202	211861	15551	1074	73	1e-05
EGR3.H12CORE.0.PSM.A	13	0.704202746605573	224943	26387	4445	116	1e-05
EGR4.H12CORE.0.S.B	10	0.667243541509907	254042	20462	825	0	1e-05
EHF.H12CORE.0.P.B	15	0.502615028136379	580610	97651	12352	1832	1e-06
ELF1.H12CORE.0.PSM.A	13	0.600478838430646	308486	26607	2791	338	1e-05
ELF2.H12CORE.0.PS.A	12	0.618881118881119	297326	27072	2377	210	1e-05
ELF2.H12CORE.1.M.B	13	0.488531528065422	479293	73039	9164	1441	1e-06
ELF3.H12CORE.0.S.B	13	0.507187935346347	353688	27615	1789	109	1e-05
ELF3.H12CORE.1.PM.A	13	0.43555550315207	609811	108800	10600	1052	1e-06
ELF4.H12CORE.0.PS.A	11	0.606364548190025	281172	24020	1841	0	1e-05
ELF4.H12CORE.1.M.B	15	0.486188429526538	578775	103422	13437	2200	1e-06
ELF5.H12CORE.0.PSM.A	16	0.508641479099679	541392	102405	14665	2087	1e-06
ELF5.H12CORE.1.S.B	14	0.551016839054615	354706	27812	1194	148	1e-05
ELK1.H12CORE.0.PSM.A	11	0.571258640391136	107239	10047	1178	0	1e-05
ELK3.H12CORE.0.PSM.A	11	0.572251348609676	123726	10223	1187	0	1e-05
ELK4.H12CORE.0.PSM.A	10	0.575937698664971	96178	10461	1480	0	1e-05
EMX1.H12CORE.0.SM.B	13	0.363986784140969	298254	20434	1126	18	1e-05
EMX2.H12CORE.0.S.B	13	0.37346774123587	277872	21016	1226	57	1e-05
EOMES.H12CORE.0.PSM.A	11	0.452857885915737	495204	55198	6393	0	1e-06
EPAS1.H12CORE.0.P.B	11	0.596876963115858	131694	11999	2834	0	1e-05
ERF.H12CORE.0.PS.A	11	0.448369812006176	686349	160797	16329	0	1e-06
ERG.H12CORE.0.P.B	12	0.587416666666667	347184	32907	2571	146	1e-05
ERG.H12CORE.1.SM.B	12	0.561059708216377	179451	10224	1258	83	1e-05
ERR1.H12CORE.0.PSM.A	11	0.493669551505373	394454	87521	9432	0	1e-06
ERR2.H12CORE.0.PSM.A	12	0.483188964550371	373575	72902	8871	658	1e-06
ERR3.H12CORE.0.PSM.A	11	0.533357407240228	443060	93133	20592	0	1e-06
ESR1.H12CORE.0.P.B	15	0.578490028490029	391869	68008	7681	1142	1e-06
ESR1.H12CORE.1.P.B	9	0.515934539190353	409142	27297	0	0	1e-05
ESR2.H12CORE.0.P.B	15	0.632470119521912	456441	67936	7809	1120	1e-06
ESR2.H12CORE.1.P.B	7	0.600531691618861	265780	0	0	0	1e-05
ESX1.H12CORE.0.SM.B	11	0.30780054943505	231005	17446	331	0	1e-05
ESX1.H12CORE.1.S.B	17	0.239851751673979	405263	87065	11570	1153	1e-06
ETS1.H12CORE.0.S.B	12	0.557345058626466	164668	9858	1247	83	1e-05
ETS1.H12CORE.1.P.B	13	0.587252267383272	459544	101447	12505	1716	1e-06
ETS2.H12CORE.0.S.C	19	0.573177058518354	140231	11249	1135	117	1e-05
ETS2.H12CORE.1.P.B	12	0.577327327327327	475129	63565	8719	132	1e-06
ETV1.H12CORE.0.PSM.A	11	0.572344254730042	143107	10417	1086	0	1e-05
ETV1.H12CORE.1.PM.A	13	0.537938854880004	554718	111402	14021	2499	1e-06
ETV2.H12CORE.0.S.B	11	0.508561450940633	255982	17570	989	0	1e-05
ETV2.H12CORE.1.PM.A	13	0.493010399060837	590511	109287	16620	1873	1e-06
ETV3.H12CORE.0.SM.B	12	0.498867586642789	406058	44789	1537	83	1e-06
ETV4.H12CORE.0.P.B	10	0.563	440060	54026	11992	0	1e-06
ETV4.H12CORE.1.SM.B	13	0.55103837507271	207890	12108	1031	81	1e-05
ETV5.H12CORE.0.PS.A	11	0.583928032968138	97808	8960	904	0	1e-05
ETV5.H12CORE.1.PM.A	13	0.587263042456525	387031	40803	4342	303	1e-05
ETV6.H12CORE.0.PS.A	10	0.617051153460381	301101	34074	2023	0	1e-05
ETV6.H12CORE.1.P.B	12	0.526416666666667	645217	154656	21814	1558	1e-06
ETV7.H12CORE.0.SM.B	19	0.539323293193883	242091	17942	1526	149	1e-05
ETV7.H12CORE.1.P.C	7	0.503564827039873	500414	0	0	0	1e-05
EVX1.H12CORE.0.SM.B	12	0.34110936270653	317608	27576	1210	17	1e-05
EVX2.H12CORE.0.SM.B	13	0.369567812798472	282561	23086	1538	131	1e-05
EVX2.H12CORE.1.S.B	17	0.304225352112676	389946	61646	6115	570	1e-06
FER3L.H12CORE.0.SM.B	16	0.527018331757538	361478	48604	5395	358	1e-06
FEV.H12CORE.0.S.B	11	0.56758736242237	104291	10155	1480	0	1e-05
FEZF1.H12CORE.0.P.B	12	0.42975	703540	142418	12254	681	1e-06
FIGLA.H12CORE.0.SM.B	11	0.542754010695187	573206	55495	6756	0	1e-06
FLI1.H12CORE.0.PSM.A	12	0.582364341085271	362373	39634	3992	146	1e-05
FLI1.H12CORE.1.P.B	18	0.5625	712141	295469	85375	19834	1e-07
FOS.H12CORE.0.P.B	11	0.459771150554104	424035	68386	17204	0	1e-06
FOS.H12CORE.1.S.C	10	0.510877172518372	133104	8592	236	0	1e-05
FOS.H12CORE.2.S.C	14	0.478585517047055	163454	13658	1272	167	1e-05
FOSB.H12CORE.0.P.B	9	0.421624016838374	447145	54833	0	0	1e-06
FOSB.H12CORE.1.M.C	11	0.486476198762358	188235	7769	965	0	1e-05
FOSB.H12CORE.2.M.C	16	0.472570711678832	242895	20678	1779	136	1e-05
FOSL1.H12CORE.0.P.B	11	0.456	439747	70474	4440	0	1e-06
FOSL2.H12CORE.0.P.B	12	0.481268731268731	426187	78680	5594	260	1e-06
FOXA1.H12CORE.0.P.B	11	0.312749003984064	625081	121878	11133	0	1e-06
FOXA1.H12CORE.1.S.C	16	0.296774809160305	685017	177386	21891	1550	1e-06
FOXA2.H12CORE.0.PSM.A	12	0.331	591229	109412	8806	0	1e-06
FOXA2.H12CORE.1.SM.B	16	0.312758531540848	585479	135049	18279	1977	1e-06
FOXA3.H12CORE.0.PS.A	12	0.318	613687	127364	12833	645	1e-06
FOXA3.H12CORE.1.M.C	19	0.367019727742593	556087	119001	17266	2190	1e-06
FOXB1.H12CORE.0.SM.B	19	0.30609246441165	634356	184911	28473	3148	1e-06
FOXC1.H12CORE.0.S.B	19	0.267732558139535	704162	287390	38954	4018	1e-06
FOXC1.H12CORE.1.S.C	14	0.28780126565235	739700	312258	43860	3973	1e-07
FOXC2.H12CORE.0.SM.B	17	0.266043214947557	743565	380504	112239	12545	1e-07
FOXD2.H12CORE.0.S.B	20	0.276193495038589	669988	221156	36400	4402	1e-06
FOXD2.H12CORE.1.SM.B	15	0.326249268175087	684079	149691	14207	869	1e-06
FOXD3.H12CORE.0.P.C	14	0.39124516406362	737893	216946	22858	1794	1e-06
FOXD3.H12CORE.1.S.B	20	0.240532879818594	664956	241685	46499	6168	1e-07
FOXE1.H12CORE.0.SM.B	16	0.328467741935484	684701	178213	24630	2495	1e-06
FOXE1.H12CORE.1.S.C	11	0.285743868887377	728585	399486	154342	0	1e-07
FOXF1.H12CORE.0.P.C	12	0.309653465346535	569670	160606	24411	755	1e-06
FOXG1.H12CORE.0.PSM.A	15	0.414035087719298	656333	139036	19708	1683	1e-06
FOXH1.H12CORE.0.P.B	9	0.40759185480301	469607	38666	0	0	1e-05
FOXI1.H12CORE.0.SM.B	18	0.328099036224659	554642	108294	14142	1501	1e-06
FOXJ2.H12CORE.0.PSM.A	14	0.348432754569939	529970	95922	10890	1207	1e-06
FOXJ2.H12CORE.1.SM.B	17	0.284345312833148	540917	107097	17245	1939	1e-06
FOXJ2.H12CORE.2.S.B	20	0.293813930832928	785039	469660	159721	18053	1e-07
FOXJ3.H12CORE.0.SM.B	12	0.342425279488934	507526	68566	1739	236	1e-06
FOXK1.H12CORE.0.PS.A	10	0.2763	672715	120662	17769	0	1e-06
FOXK2.H12CORE.0.P.B	11	0.365454545454545	592016	97092	9297	0	1e-06
FOXL1.H12CORE.0.S.B	20	0.268736864228667	781876	466328	205127	103027	1e-08
FOXL2.H12CORE.0.PSM.A	10	0.23050505050505	713723	171253	17769	0	1e-06
FOXM1.H12CORE.0.P.B	12	0.320379537953795	729548	165992	18474	819	1e-06
FOXO1.H12CORE.0.PS.A	9	0.365365365365365	552714	70972	0	0	1e-06
FOXO3.H12CORE.0.PS.A	9	0.369737576772753	521982	40853	0	0	1e-05
FOXO4.H12CORE.0.SM.B	11	0.354483824928639	583584	75287	1453	0	1e-06
FOXO6.H12CORE.0.S.B	12	0.354198879840566	508089	54925	2354	103	1e-06
FOXP1.H12CORE.0.PS.A	9	0.325627641063883	555862	56398	0	0	1e-06
FOXP2.H12CORE.0.P.B	8	0.373751248751249	405152	0	0	0	1e-05
FOXP3.H12CORE.0.P.B	10	0.363189568706118	738166	379510	16336	0	1e-06
FOXR2.H12CORE.0.M.C	17	0.243531225439816	650764	280136	108616	54716	1e-08
GABPA.H12CORE.0.PSM.A	12	0.554470115519839	268398	15138	1190	110	1e-05
GATA1.H12CORE.0.P.B	18	0.512833333333333	292771	41921	8631	3554	1e-05
GATA1.H12CORE.1.PSM.A	10	0.38648111332008	417782	70558	5530	0	1e-06
GATA2.H12CORE.0.PSM.A	10	0.387722772277228	408927	75503	5722	0	1e-06
GATA2.H12CORE.1.P.B	18	0.478645311978645	388744	61374	11187	1721	1e-06
GATA3.H12CORE.0.PS.A	9	0.35585650917969	384418	56485	0	0	1e-06
GATA3.H12CORE.1.SM.B	11	0.307547956630525	420788	69793	7937	0	1e-06
GATA4.H12CORE.0.PSM.A	9	0.384444444444444	376211	56485	0	0	1e-06
GATA5.H12CORE.0.SM.B	10	0.349846241457859	401129	84748	10765	0	1e-06
GATA6.H12CORE.0.PSM.A	12	0.399040052962595	394976	78792	6937	448	1e-06
GBX1.H12CORE.0.S.B	12	0.370578623606305	229903	15105	412	32	1e-05
GBX1.H12CORE.1.S.B	20	0.351092233009709	388655	56879	5182	408	1e-06
GBX2.H12CORE.0.SM.B	12	0.374504586117088	219997	11991	282	0	1e-05
GBX2.H12CORE.1.S.B	20	0.312265068049255	487828	99028	10260	1066	1e-06
GCM1.H12CORE.0.S.B	11	0.627605090719845	95407	8185	309	0	1e-05
GCM2.H12CORE.0.SM.B	10	0.62551912568306	82495	6679	277	0	1e-05
GCR.H12CORE.0.PS.A	19	0.440953362052819	300053	39855	4906	662	1e-05
GCR.H12CORE.1.S.B	9	0.462818557796724	453597	60433	0	0	1e-06
GFI1.H12CORE.0.PSM.A	10	0.478714859437751	617490	147701	10136	0	1e-06
GFI1B.H12CORE.0.PSM.A	11	0.396090909090909	616174	107518	13733	0	1e-06
GFI1B.H12CORE.1.S.C	21	0.431274846599257	506896	87352	10934	1103	1e-06
GLI1.H12CORE.0.P.C	12	0.663423153692615	449600	79523	7335	730	1e-06
GLI2.H12CORE.0.PSM.A	16	0.643838785514206	376714	48497	3800	257	1e-06
GLI3.H12CORE.0.PS.A	16	0.64658312738132	376224	48654	4082	297	1e-06
GLI3.H12CORE.1.M.C	15	0.555629139072848	346766	49109	5332	574	1e-06
GLI4.H12CORE.0.P.C	23	0.553324039383114	509598	95747	15007	3549	1e-06
GLIS1.H12CORE.0.P.B	14	0.719714285714286	569854	85212	23450	847	1e-06
GLIS1.H12CORE.1.P.B	11	0.738443374807011	576803	114787	10730	0	1e-06
GLIS1.H12CORE.2.SM.B	19	0.639448802934147	380330	44061	3717	317	1e-06
GLIS2.H12CORE.0.SM.B	16	0.672137844208722	250746	21325	1420	60	1e-05
GLIS3.H12CORE.0.P.C	13	0.724692307692308	579828	220152	13970	1322	1e-06
GLIS3.H12CORE.1.S.C	12	0.729449938195303	271997	33043	1175	60	1e-05
GMEB1.H12CORE.0.P.C	9	0.636666666666667	115575	11570	0	0	1e-05
GMEB1.H12CORE.1.P.C	14	0.655694205393001	113897	9588	1240	104	1e-05
GMEB1.H12CORE.2.SM.B	15	0.478927813163482	53944	4725	400	15	1e-05
GMEB2.H12CORE.0.P.C	14	0.675039246467818	110844	10338	1391	125	1e-05
GMEB2.H12CORE.1.P.C	9	0.653679653679654	99241	14844	0	0	1e-05
GMEB2.H12CORE.2.SM.B	15	0.534059611394077	53273	3340	290	8	1e-05
GRHL1.H12CORE.0.PSM.A	19	0.464470071389347	281841	32628	3877	244	1e-05
GRHL1.H12CORE.1.PS.A	12	0.430529898741106	284052	36218	578	62	1e-05
GRHL2.H12CORE.0.P.B	13	0.580161943319838	433232	45128	3333	89	1e-06
GRHL2.H12CORE.1.P.B	11	0.476658476658477	357687	40427	840	0	1e-05
GSC.H12CORE.0.SM.B	10	0.419603448275862	205632	13006	531	0	1e-05
GSC2.H12CORE.0.SM.B	9	0.358687837770836	288946	18031	0	0	1e-05
GSX1.H12CORE.0.SM.B	9	0.271210253555476	375121	43090	0	0	1e-06
GSX2.H12CORE.0.SM.B	12	0.360564750784114	239991	13359	276	19	1e-05
HAND1.H12CORE.0.P.B	17	0.544337137840211	520190	95258	12297	1282	1e-06
HAND1.H12CORE.1.P.B	11	0.605212968849333	514675	86455	8529	0	1e-06
HAND2.H12CORE.0.P.B	18	0.530984996738421	525244	87517	8374	772	1e-06
HAND2.H12CORE.1.P.B	14	0.613	513386	102965	11298	1145	1e-06
HAND2.H12CORE.2.S.C	12	0.59744937694704	612722	66033	6327	385	1e-06
HEN1.H12CORE.0.S.B	14	0.629804094210874	428679	71614	8922	707	1e-06
HEN2.H12CORE.0.SM.B	16	0.685182521016813	406491	63492	5433	504	1e-06
HES1.H12CORE.0.S.C	23	0.667555689747719	144940	19476	2453	324	1e-05
HES1.H12CORE.1.S.C	13	0.675343109423028	139315	47415	25036	895	1e-06
HES2.H12CORE.0.S.C	14	0.645107997749145	142903	45371	19481	14521	1e-06
HES5.H12CORE.0.SM.B	14	0.645878665144236	249830	35887	3296	35	1e-05
HES7.H12CORE.0.S.B	10	0.615909090909091	144474	40239	4242	0	1e-05
HESX1.H12CORE.0.SM.B	11	0.252070937442742	461529	81105	13000	0	1e-06
HESX1.H12CORE.1.S.B	16	0.194929064417178	542891	177708	36874	8044	1e-06
HEY1.H12CORE.0.S.B	12	0.637778386272362	159336	41614	2846	139	1e-05
HEY2.H12CORE.0.S.B	13	0.634104833219878	155854	37972	3098	238	1e-05
HIC1.H12CORE.0.PSM.A	10	0.586303191489362	372734	34648	4190	0	1e-05
HIC2.H12CORE.0.P.B	8	0.586252653927813	634726	0	0	0	1e-05
HIF1A.H12CORE.0.P.B	11	0.588407005838199	99864	9922	2501	0	1e-05
HIF1A.H12CORE.1.P.B	19	0.583315789473684	158834	30243	2615	179	1e-05
HIF3A.H12CORE.0.P.C	18	0.612	200763	16149	1617	149	1e-05
HIF3A.H12CORE.1.P.C	8	0.620375	78813	0	0	0	1e-05
HINFP.H12CORE.0.P.B	20	0.65609756097561	382269	55641	6925	1054	1e-06
HINFP.H12CORE.1.P.B	8	0.689024390243902	62117	0	0	0	1e-05
HINFP.H12CORE.2.S.B	11	0.711890077004489	50933	5717	312	0	1e-05
HLF.H12CORE.0.P.B	11	0.322545454545455	361833	52298	4164	0	1e-06
HLF.H12CORE.1.SM.B	11	0.347414172280482	260595	30977	2337	0	1e-05
HMBX1.H12CORE.0.PSM.A	13	0.394485902141906	284532	31037	3243	310	1e-05
HME1.H12CORE.0.PSM.A	13	0.359255060728745	284662	22860	1827	68	1e-05
HME2.H12CORE.0.SM.B	10	0.354621435594887	261951	13669	1913	0	1e-05
HMGA1.H12CORE.0.P.B	11	0.093566715542522	792955	407958	115128	0	1e-07
HMX1.H12CORE.0.SM.B	11	0.295926065635609	441779	78557	9535	0	1e-06
HMX2.H12CORE.0.SM.B	11	0.363392220627155	406813	58429	4457	0	1e-06
HMX3.H12CORE.0.S.B	13	0.351517918283497	401804	46283	5068	468	1e-06
HNF1A.H12CORE.0.PS.A	15	0.270670670670671	605559	114755	12559	1106	1e-06
HNF1B.H12CORE.0.PS.A	15	0.260533333333333	611377	118772	13157	1195	1e-06
HNF1B.H12CORE.1.P.D	11	0.213090909090909	568120	133244	9544	0	1e-06
HNF4A.H12CORE.0.PSM.A	15	0.514437589725682	375259	51385	5861	692	1e-06
HNF4G.H12CORE.0.P.B	15	0.48744014732965	459329	79488	9955	1240	1e-06
HNF6.H12CORE.0.PM.A	10	0.279438314944835	331879	105851	32600	0	1e-06
HNF6.H12CORE.1.S.B	11	0.370115643633376	103901	4675	189	0	1e-05
HNF6.H12CORE.2.S.B	20	0.374800796812749	105329	6687	644	80	1e-05
HNF6.H12CORE.3.M.B	15	0.28331912475135	521569	91066	11113	2005	1e-06
HOMEZ.H12CORE.0.S.B	12	0.30067862799716	123014	20269	3066	399	1e-05
HSF1.H12CORE.0.PSM.A	18	0.381671595549923	390783	78312	15474	2869	1e-06
HSF1.H12CORE.1.P.B	9	0.411798396334479	503662	82864	0	0	1e-06
HSF1.H12CORE.2.P.B	16	0.61875	428006	49557	7018	1703	1e-06
HSF2.H12CORE.0.PSM.A	17	0.406357837498693	353245	69683	13912	2581	1e-06
HSF4.H12CORE.0.SM.B	19	0.432966858233196	324333	60664	11350	2015	1e-06
HSF5.H12CORE.0.M.C	12	0.416374070880046	373757	69683	5580	419	1e-06
HSF5.H12CORE.1.S.C	12	0.469419045495094	167382	7902	583	34	1e-05
HSFY1.H12CORE.0.S.B	12	0.421030206864128	79239	4341	109	10	1e-05
HSFY1.H12CORE.1.S.B	18	0.446937321937322	119038	7730	497	68	1e-05
HSFY1.H12CORE.2.M.B	19	0.427260896464916	320944	38043	3790	565	1e-05
HTF4.H12CORE.0.PSM.A	9	0.642	573628	58652	0	0	1e-06
HXA1.H12CORE.0.SM.B	12	0.361263035076205	275075	16963	520	22	1e-05
HXA1.H12CORE.1.S.B	17	0.251578107658158	473661	123346	21774	4283	1e-06
HXA10.H12CORE.0.S.B	10	0.302731893265565	459208	76944	7593	0	1e-06
HXA10.H12CORE.1.M.B	11	0.369715073529412	170798	5313	699	0	1e-05
HXA11.H12CORE.0.PS.A	14	0.318950437317784	671651	166086	24277	2636	1e-06
HXA11.H12CORE.1.SM.B	12	0.367690821760468	162516	8571	812	56	1e-05
HXA13.H12CORE.0.P.B	10	0.253846153846154	545420	132784	15252	0	1e-06
HXA13.H12CORE.1.SM.B	12	0.40068637601135	207098	9118	696	41	1e-05
HXA2.H12CORE.0.SM.B	13	0.390038846247678	258853	21834	1454	50	1e-05
HXA4.H12CORE.0.SM.B	12	0.367849299309768	314225	19967	471	0	1e-05
HXA5.H12CORE.0.SM.B	12	0.374394517159641	260640	22284	1152	47	1e-05
HXA6.H12CORE.0.SM.B	12	0.358018537950332	309426	35339	2796	166	1e-05
HXA7.H12CORE.0.SM.B	13	0.400276774563742	229076	19522	1382	48	1e-05
HXA9.H12CORE.0.P.B	12	0.311333333333333	522968	79820	5878	317	1e-06
HXA9.H12CORE.1.SM.B	11	0.410741434968239	231462	14609	2092	0	1e-05
HXA9.H12CORE.2.P.B	10	0.292384769539078	606387	136152	0	0	1e-06
HXB1.H12CORE.0.SM.B	12	0.346957813826697	284688	23672	1164	34	1e-05
HXB13.H12CORE.0.PS.A	12	0.379003439869085	384294	56704	4005	424	1e-06
HXB13.H12CORE.1.SM.B	12	0.415451028699862	195354	7249	763	45	1e-05
HXB2.H12CORE.0.SM.B	12	0.386205520072993	250559	13461	292	3	1e-05
HXB3.H12CORE.0.S.B	9	0.278755277922378	381779	46606	0	0	1e-06
HXB4.H12CORE.0.P.B	9	0.330111111111111	441479	44767	0	0	1e-06
HXB4.H12CORE.1.PSM.A	13	0.363466627002145	334851	25879	779	89	1e-05
HXB5.H12CORE.0.SM.B	11	0.357528211995071	273830	12223	320	0	1e-05
HXB6.H12CORE.0.SM.B	13	0.384262891579965	289610	31447	2189	66	1e-05
HXB7.H12CORE.0.P.C	14	0.400348432055749	413360	63715	6075	555	1e-06
HXB7.H12CORE.1.SM.B	11	0.383404267695619	279822	27443	1024	0	1e-05
HXB8.H12CORE.0.PSM.A	12	0.369503601088942	263383	22918	610	34	1e-05
HXB9.H12CORE.0.S.C	10	0.344909993792675	402979	56498	7593	0	1e-06
HXB9.H12CORE.1.M.C	11	0.383555014974955	172103	4762	531	0	1e-05
HXC10.H12CORE.0.P.B	11	0.295081967213115	516122	85715	5958	0	1e-06
HXC10.H12CORE.1.S.B	12	0.353318490245971	440239	111790	12436	1110	1e-06
HXC10.H12CORE.2.SM.B	12	0.375548183964916	241617	12656	536	35	1e-05
HXC11.H12CORE.0.SM.B	11	0.38721436396599	101361	4720	546	0	1e-05
HXC11.H12CORE.1.S.B	10	0.324253604268362	414431	93930	10819	0	1e-06
HXC12.H12CORE.0.SM.B	11	0.359426555922175	247367	8725	530	0	1e-05
HXC13.H12CORE.0.SM.B	12	0.410579551667578	207649	8264	696	41	1e-05
HXC4.H12CORE.0.SM.B	13	0.360367372353674	340177	21543	919	67	1e-05
HXC8.H12CORE.0.SM.B	13	0.395817195972115	267702	26181	2019	250	1e-05
HXC9.H12CORE.0.P.B	12	0.319989929506546	519086	78760	5971	277	1e-06
HXC9.H12CORE.1.S.C	12	0.349606135986733	403649	64498	8156	771	1e-06
HXC9.H12CORE.2.M.C	13	0.394626485219751	220185	10913	510	79	1e-05
HXD1.H12CORE.0.SM.B	13	0.339316588601427	286689	35333	4247	364	1e-05
HXD10.H12CORE.0.SM.B	12	0.381296227428619	246427	15622	1396	50	1e-05
HXD11.H12CORE.0.PS.A	13	0.378230769230769	422130	46711	4522	461	1e-06
HXD11.H12CORE.1.SM.B	20	0.357086052202284	378761	46044	4069	278	1e-06
HXD12.H12CORE.0.SM.B	11	0.386240376227861	123663	3289	501	0	1e-05
HXD13.H12CORE.0.PS.A	11	0.305966760512215	562393	90448	7521	0	1e-06
HXD13.H12CORE.1.SM.B	11	0.389511246147457	235349	9701	838	0	1e-05
HXD3.H12CORE.0.SM.B	13	0.405755465960961	264915	22471	2027	32	1e-05
HXD4.H12CORE.0.SM.B	12	0.379742619631248	290833	13995	239	10	1e-05
HXD8.H12CORE.0.SM.B	11	0.362221902570004	290565	22823	874	0	1e-05
HXD9.H12CORE.0.SM.B	13	0.38793898409283	264861	19201	927	55	1e-05
IRF1.H12CORE.0.P.B	19	0.390756627250947	774509	276900	46257	5854	1e-07
IRF2.H12CORE.0.PSM.A	17	0.454759490002898	465217	65190	5912	390	1e-06
IRF3.H12CORE.0.PS.A	19	0.44735035322601	649397	165670	22240	2955	1e-06
IRF3.H12CORE.1.SM.B	23	0.4841227470744	442958	69951	7428	1070	1e-06
IRF4.H12CORE.0.P.B	17	0.413436846819946	788091	278635	38163	4789	1e-06
IRF4.H12CORE.1.S.B	14	0.482362548598413	269205	23916	1350	128	1e-05
IRF4.H12CORE.2.SM.B	17	0.458902331618227	286522	24723	1905	202	1e-05
IRF5.H12CORE.0.SM.B	17	0.47128460163661	327777	32603	2607	207	1e-05
IRF5.H12CORE.1.S.B	11	0.495207667731629	116848	12484	888	0	1e-05
IRF6.H12CORE.0.SM.B	11	0.49602187966186	102090	7819	869	0	1e-05
IRF6.H12CORE.1.S.C	17	0.495956526218193	221429	14342	933	108	1e-05
IRF7.H12CORE.0.S.B	14	0.382739625413147	184949	18911	2185	202	1e-05
IRF7.H12CORE.1.SM.B	19	0.409873566598059	400785	38058	3764	477	1e-05
IRF8.H12CORE.0.P.B	19	0.388378242256359	794457	345371	54305	6126	1e-07
IRF8.H12CORE.1.SM.B	17	0.403102760167411	505777	92597	12229	1541	1e-06
IRF8.H12CORE.2.SM.B	14	0.42598646313364	400457	47518	3850	241	1e-06
IRF9.H12CORE.0.PSM.A	16	0.423911003803042	500852	85434	11794	1283	1e-06
IRX1.H12CORE.0.S.C	9	0.391829807157698	384511	51514	0	0	1e-06
IRX2.H12CORE.0.S.B	10	0.367913798263993	387784	61385	8121	0	1e-06
IRX3.H12CORE.0.M.C	11	0.476516694439301	45198	2247	63	0	1e-05
IRX3.H12CORE.1.S.B	8	0.388470488952537	354153	0	0	0	1e-05
IRX3.H12CORE.2.S.C	21	0.356326923833117	530925	133818	18416	2628	1e-06
IRX5.H12CORE.0.M.C	11	0.514716439339555	39476	898	20	0	1e-04
IRX5.H12CORE.1.SM.B	8	0.387540622706783	370371	0	0	0	1e-05
ISL1.H12CORE.0.PSM.A	12	0.412767932489451	287798	11939	359	23	1e-05
ISL2.H12CORE.0.SM.B	11	0.405988225714366	284192	23491	576	0	1e-05
ISX.H12CORE.0.SM.B	12	0.339963960464414	334658	32886	3347	200	1e-05
ISX.H12CORE.1.S.B	17	0.254002857424377	485334	131290	16964	1669	1e-06
ISX.H12CORE.2.SM.B	17	0.300109713899907	346823	67796	14135	2336	1e-06
ITF2.H12CORE.0.S.B	16	0.582407407407407	461521	57170	6997	1132	1e-06
ITF2.H12CORE.1.PSM.A	10	0.6127	584379	284574	16189	0	1e-06
JDP2.H12CORE.0.SM.B	14	0.481338664177136	264614	23489	2091	189	1e-05
JUN.H12CORE.0.P.B	12	0.497892074198988	384777	76477	5525	260	1e-06
JUN.H12CORE.1.S.C	16	0.508258928571429	232631	20084	1714	177	1e-05
JUNB.H12CORE.0.PM.A	10	0.4288	437529	78048	5457	0	1e-06
JUNB.H12CORE.1.S.C	15	0.506774580335731	149723	10164	1303	147	1e-05
JUND.H12CORE.0.PM.A	11	0.438636363636364	427181	69226	4816	0	1e-06
JUND.H12CORE.1.SM.B	11	0.487936290379753	223587	23516	1781	0	1e-05
KAISO.H12CORE.0.P.B	11	0.628537628537628	46639	2768	539	0	1e-05
KAISO.H12CORE.1.P.B	14	0.60873440285205	72796	8967	819	278	1e-05
KLF1.H12CORE.0.P.B	13	0.746833487797343	486429	97241	15158	993	1e-06
KLF10.H12CORE.0.P.C	15	0.778732106339468	494854	149518	32112	7325	1e-06
KLF10.H12CORE.1.PSM.A	24	0.697816724233508	468453	147139	31303	6067	1e-06
KLF11.H12CORE.0.P.B	15	0.815533333333333	478814	144375	25143	6741	1e-06
KLF11.H12CORE.1.SM.B	24	0.730419456605717	488055	158191	38321	9143	1e-06
KLF12.H12CORE.0.P.C	18	0.810670949321913	568353	198103	55751	16429	1e-07
KLF12.H12CORE.1.PSM.A	13	0.703561635150343	390060	121554	5858	828	1e-06
KLF13.H12CORE.0.PSM.A	15	0.721424997498249	313185	110340	7527	1281	1e-06
KLF13.H12CORE.1.P.C	20	0.701067073170732	702861	331404	79601	22026	1e-07
KLF14.H12CORE.0.PSM.A	14	0.667759873291327	283060	36537	6201	621	1e-05
KLF14.H12CORE.1.P.C	23	0.676091313060904	715538	402966	117965	32048	1e-07
KLF15.H12CORE.0.S.B	14	0.725028587477682	450468	84943	17710	1643	1e-06
KLF15.H12CORE.1.P.C	20	0.74934869739479	730822	355621	142760	48747	1e-08
KLF16.H12CORE.0.SM.B	11	0.702629406909562	259884	35533	8292	0	1e-05
KLF16.H12CORE.1.P.B	23	0.763110937023981	680160	337057	139057	48011	1e-08
KLF17.H12CORE.0.M.C	14	0.60538472145615	373325	24158	1501	55	1e-05
KLF17.H12CORE.1.P.C	11	0.674636363636364	663314	262942	42145	0	1e-06
KLF2.H12CORE.0.S.C	11	0.705019138755981	391843	117216	8274	0	1e-06
KLF3.H12CORE.0.PS.A	18	0.665109553998443	570685	230069	28007	4338	1e-06
KLF3.H12CORE.1.M.C	13	0.710370048967954	331639	54405	7912	1103	1e-06
KLF4.H12CORE.0.PSM.A	11	0.711727272727273	501699	154473	14684	0	1e-06
KLF5.H12CORE.0.PM.A	13	0.662016340373054	526762	102585	13820	1560	1e-06
KLF6.H12CORE.0.P.B	18	0.708711738984191	554873	190566	52312	12293	1e-07
KLF6.H12CORE.1.SM.B	14	0.660931281226183	357482	59465	8810	1665	1e-06
KLF7.H12CORE.0.P.B	10	0.8	412525	80000	29870	0	1e-06
KLF8.H12CORE.0.P.C	13	0.793765913123987	544482	138523	23379	4434	1e-06
KLF8.H12CORE.1.P.C	23	0.725058813278731	720888	375604	165336	64291	1e-08
KLF9.H12CORE.0.P.B	14	0.750359298649037	467027	96595	15985	2293	1e-06
KLF9.H12CORE.1.P.B	23	0.828413043478261	531450	216778	80730	30249	1e-07
KMT2A.H12CORE.0.P.B	23	0.869215643434564	530016	149856	53189	23208	1e-07
KMT2B.H12CORE.0.P.B	8	0.963552104208417	157766	0	0	0	1e-05
LBX2.H12CORE.0.S.B	14	0.344151453684922	326651	40638	4654	542	1e-05
LBX2.H12CORE.1.S.B	17	0.353912096239462	323217	48319	5048	488	1e-06
LBX2.H12CORE.2.M.C	14	0.327070730572359	367527	59754	7722	1024	1e-06
LEF1.H12CORE.0.PSM.A	12	0.400819898029489	449969	67251	7404	561	1e-06
LEF1.H12CORE.1.P.B	15	0.368333333333333	768717	195136	23618	2606	1e-06
LHX1.H12CORE.0.S.C	11	0.338388567321152	252945	18400	497	0	1e-05
LHX1.H12CORE.1.M.C	10	0.437058579144163	69729	2706	151	0	1e-05
LHX2.H12CORE.0.PS.A	9	0.330828779599271	363772	37932	0	0	1e-05
LHX2.H12CORE.1.S.C	19	0.26255683896932	524832	162521	26772	4004	1e-06
LHX3.H12CORE.0.P.B	10	0.219280719280719	481363	107836	10969	0	1e-06
LHX4.H12CORE.0.SM.B	12	0.304952510176391	337751	37450	2676	61	1e-05
LHX5.H12CORE.0.PSM.A	12	0.307086614173228	319354	40089	1423	0	1e-05
LHX6.H12CORE.0.P.B	10	0.395218295218295	312838	21650	2214	0	1e-05
LHX6.H12CORE.1.S.B	14	0.407091128033785	240253	17481	890	39	1e-05
LHX6.H12CORE.2.M.C	13	0.446111261662344	214977	16241	324	18	1e-05
LHX8.H12CORE.0.S.B	13	0.349525474525475	274675	28479	2901	355	1e-05
LHX8.H12CORE.1.M.C	13	0.426980246816228	219365	17528	395	10	1e-05
LHX9.H12CORE.0.PS.A	12	0.325972881875287	302796	29859	1314	28	1e-05
LHX9.H12CORE.1.M.B	12	0.368139407244786	269044	33787	2127	52	1e-05
LMX1A.H12CORE.0.SM.B	12	0.243358409652566	452191	122667	20511	5052	1e-06
LMX1B.H12CORE.0.P.C	8	0.151005461767627	667403	0	0	0	1e-05
LMX1B.H12CORE.1.SM.B	12	0.122596402357076	456390	111240	26294	5052	1e-06
LMX1B.H12CORE.2.S.B	20	0.208790965456156	495305	167224	42334	13324	1e-06
LRRF1.H12CORE.0.P.B	10	0.703859649122807	102911	7755	286	0	1e-05
LYL1.H12CORE.0.P.C	13	0.53510245213302	637029	115152	14892	1605	1e-06
LYL1.H12CORE.1.P.C	15	0.51937984496124	667898	172486	23565	3542	1e-06
MAD4.H12CORE.0.P.C	8	0.654049295774648	130157	0	0	0	1e-05
MAF.H12CORE.0.PM.A	18	0.473739379896282	529563	81941	7858	832	1e-06
MAF.H12CORE.1.PSM.A	13	0.526152042564704	326442	28690	2293	76	1e-05
MAFA.H12CORE.0.PSM.A	18	0.481446215183812	386737	41358	3611	329	1e-05
MAFA.H12CORE.1.M.C	19	0.495934148166625	385336	40371	4598	523	1e-05
MAFB.H12CORE.0.PS.A	20	0.450803149606299	593566	75273	8276	619	1e-06
MAFB.H12CORE.1.P.B	10	0.49040959040959	506310	69225	6295	0	1e-06
MAFF.H12CORE.0.PSM.A	22	0.436598999705796	644653	98457	10450	1242	1e-06
MAFF.H12CORE.1.PSM.A	14	0.473196378431035	433885	65521	8751	952	1e-06
MAFG.H12CORE.0.PSM.A	18	0.44821411488975	401340	50282	5445	597	1e-06
MAFG.H12CORE.1.PSM.A	15	0.47950701630999	389773	47038	5481	535	1e-06
MAFK.H12CORE.0.PS.A	18	0.429647565240786	505029	79555	8556	950	1e-06
MAFK.H12CORE.1.P.B	13	0.475162648296977	475329	80858	11962	1955	1e-06
MAFK.H12CORE.2.S.B	12	0.490862573099415	456835	60922	6084	631	1e-06
MAX.H12CORE.0.PS.A	11	0.568907648494711	171863	17205	1231	0	1e-05
MAX.H12CORE.1.M.C	14	0.486967944138456	495267	78546	7739	873	1e-06
MAX.H12CORE.2.S.C	22	0.600670253941282	170112	17063	1702	111	1e-05
MAZ.H12CORE.0.P.B	13	0.738177805800757	618269	217572	51511	7506	1e-07
MAZ.H12CORE.1.P.B	21	0.717571428571429	763655	386621	159204	60142	1e-08
MBNL2.H12CORE.0.S.C	14	0.551424103652407	267616	28177	3041	640	1e-05
MCR.H12CORE.0.S.B	17	0.444767658223137	342742	45654	6263	878	1e-06
MCR.H12CORE.1.SM.B	9	0.476227610000473	442795	40161	0	0	1e-05
MEF2A.H12CORE.0.P.B	13	0.293014677630062	750931	184788	23776	2199	1e-06
MEF2B.H12CORE.0.PS.A	14	0.378878648233487	781102	237591	35038	10354	1e-06
MEF2B.H12CORE.1.SM.B	18	0.421159850734902	374680	53598	5773	832	1e-06
MEF2C.H12CORE.0.P.B	14	0.356132075471698	736825	146884	17994	1688	1e-06
MEF2C.H12CORE.1.SM.B	17	0.423569152841487	417302	63074	7753	897	1e-06
MEF2D.H12CORE.0.PS.A	13	0.309773392939726	727366	160674	21559	1033	1e-06
MEF2D.H12CORE.1.M.C	16	0.424744010819165	429220	67019	8085	1152	1e-06
MEIS1.H12CORE.0.P.B	13	0.364786667695394	417495	77017	5130	458	1e-06
MEIS1.H12CORE.1.PS.A	11	0.51697699890471	468069	67138	6142	0	1e-06
MEIS2.H12CORE.0.P.C	13	0.368769230769231	417984	65945	5746	441	1e-06
MEIS2.H12CORE.1.PSM.A	12	0.512977789256198	376919	55548	5592	238	1e-06
MEIS2.H12CORE.2.SM.B	14	0.483882189239332	398783	64773	6230	660	1e-06
MEIS3.H12CORE.0.SM.B	8	0.459695611866502	374058	0	0	0	1e-05
MEIS3.H12CORE.1.S.B	20	0.493168604651163	392154	73009	15335	932	1e-06
MEOX1.H12CORE.0.SM.B	13	0.380769230769231	242508	14798	436	21	1e-05
MEOX2.H12CORE.0.SM.B	11	0.351566173454585	266144	15570	892	0	1e-05
MESP1.H12CORE.0.S.C	11	0.598345046474722	597979	95014	9262	0	1e-06
MESP2.H12CORE.0.S.C	14	0.449584622902753	321982	31318	2564	206	1e-05
MGAP.H12CORE.0.P.C	10	0.674074074074074	255733	24055	2900	0	1e-05
MGAP.H12CORE.1.S.B	18	0.458411979363282	416829	48644	4476	414	1e-06
MITF.H12CORE.0.P.B	11	0.573090909090909	366944	27257	1958	0	1e-05
MIXL1.H12CORE.0.SM.B	16	0.23696639632843	485922	91906	13023	794	1e-06
MIXL1.H12CORE.1.S.B	12	0.261199901414325	390441	98203	17370	0	1e-06
MLX.H12CORE.0.PM.A	9	0.568493150684932	290640	16319	0	0	1e-05
MLX.H12CORE.1.SM.B	11	0.570061880351782	193126	20956	1380	0	1e-05
MLXPL.H12CORE.0.S.B	14	0.499456272893773	133806	17388	1557	128	1e-05
MNT.H12CORE.0.PS.A	9	0.673451229006785	188104	21257	0	0	1e-05
MNX1.H12CORE.0.SM.B	12	0.343856779352963	275360	21876	769	31	1e-05
MSGN1.H12CORE.0.PSM.A	12	0.476217980914114	377788	38734	3664	295	1e-05
MSX1.H12CORE.0.SM.B	11	0.337866817155756	232743	15748	313	0	1e-05
MSX1.H12CORE.1.S.C	22	0.313235003587286	557844	170572	24844	2779	1e-06
MSX2.H12CORE.0.SM.B	9	0.293833598918345	321224	39859	0	0	1e-05
MSX2.H12CORE.1.SM.B	20	0.346088129496403	430908	76115	7768	689	1e-06
MTF1.H12CORE.0.SM.B	17	0.542488673898525	307682	27882	2175	188	1e-05
MUSC.H12CORE.0.SM.B	12	0.468494575717046	352944	40467	2897	160	1e-05
MXI1.H12CORE.0.P.B	11	0.623727272727273	199331	29156	3079	0	1e-05
MYB.H12CORE.0.P.B	11	0.530363636363636	245995	37083	5974	0	1e-05
MYBA.H12CORE.0.P.B	15	0.564856711915536	197539	29633	5016	508	1e-05
MYBA.H12CORE.1.PS.A	9	0.5641627543036	169533	23268	0	0	1e-05
MYBA.H12CORE.2.S.B	14	0.468172983479106	147914	6450	207	6	1e-05
MYBB.H12CORE.0.S.B	15	0.474018126888218	38862	3396	271	8	1e-04
MYBB.H12CORE.1.S.B	9	0.485486946033228	42597	3588	0	0	1e-05
MYC.H12CORE.0.P.B	10	0.6689	192563	22507	4248	0	1e-05
MYCN.H12CORE.0.PS.A	11	0.704636363636364	186361	27255	2913	0	1e-05
MYCN.H12CORE.1.M.C	12	0.628051346801347	24182	1817	87	6	1e-04
MYF5.H12CORE.0.P.B	12	0.595001655081099	515097	99749	12779	700	1e-06
MYF6.H12CORE.0.SM.B	14	0.541926244181883	367363	37266	3075	197	1e-05
MYNN.H12CORE.0.P.B	18	0.359411846303232	593549	132133	18902	2760	1e-06
MYOD1.H12CORE.0.P.B	15	0.591066666666667	530309	113228	14893	1652	1e-06
MYOD1.H12CORE.1.PSM.A	10	0.596184738955823	496098	61637	6623	0	1e-06
MYOG.H12CORE.0.PSM.A	16	0.491119089984748	314271	48182	5071	627	1e-06
MYT1L.H12CORE.0.P.C	8	0.318787726358149	509139	0	0	0	1e-05
MZF1.H12CORE.0.P.B	12	0.54425	431045	65425	6974	489	1e-06
NANOG.H12CORE.0.P.B	17	0.355885297061768	696802	162240	20719	2997	1e-06
NANOG.H12CORE.1.P.B	11	0.474363636363636	399265	48592	4350	0	1e-06
NANOG.H12CORE.2.M.C	12	0.314047939403	487868	90402	8004	1048	1e-06
NDF1.H12CORE.0.P.B	11	0.564708019253474	495741	65176	5820	0	1e-06
NDF1.H12CORE.1.S.C	12	0.482178044749555	291120	31662	2616	225	1e-05
NDF2.H12CORE.0.P.B	11	0.587181818181818	523620	80984	7069	0	1e-06
NDF2.H12CORE.1.S.B	11	0.43502538071066	285486	37467	3751	0	1e-05
NF2L1.H12CORE.0.P.B	16	0.406485468245425	502423	79537	11774	2214	1e-06
NF2L2.H12CORE.0.P.B	15	0.521327683615819	421016	52113	6648	958	1e-06
NF2L2.H12CORE.1.P.B	15	0.418	471084	75695	11283	2091	1e-06
NFAC1.H12CORE.0.P.B	16	0.391629016064257	676339	156071	19359	2333	1e-06
NFAC1.H12CORE.1.PS.A	11	0.339167941750646	578157	168764	30461	0	1e-06
NFAC1.H12CORE.2.SM.B	20	0.383111816616444	447177	84876	12589	1696	1e-06
NFAC1.H12CORE.3.SM.B	14	0.473915972256873	269865	26982	2949	134	1e-05
NFAC2.H12CORE.0.P.B	20	0.4152	719709	204028	27150	2905	1e-06
NFAC2.H12CORE.1.PS.A	11	0.384608460846085	705521	182211	20343	0	1e-06
NFAC2.H12CORE.2.S.C	20	0.370345509418254	558874	139253	22428	3357	1e-06
NFAC2.H12CORE.3.M.C	11	0.449447276765433	390897	15621	1008	0	1e-05
NFAC2.H12CORE.4.M.B	19	0.397712522348216	388945	58389	6474	611	1e-06
NFAC3.H12CORE.0.SM.B	14	0.422745328821539	443414	54851	4078	121	1e-06
NFAC3.H12CORE.1.P.C	10	0.3976	786337	304091	81428	0	1e-07
NFAC4.H12CORE.0.P.C	10	0.356936416184971	687608	166649	19570	0	1e-06
NFAC4.H12CORE.1.SM.B	12	0.40460927960928	444470	62678	1673	76	1e-06
NFAT5.H12CORE.0.SM.B	13	0.41499861316568	429130	60912	8239	1042	1e-06
NFAT5.H12CORE.1.PS.A	14	0.342496883064165	562284	118486	18865	4517	1e-06
NFE2.H12CORE.0.P.B	12	0.52681660899654	371561	63545	8355	1068	1e-06
NFE2.H12CORE.1.SM.B	19	0.445539948570173	313212	59826	8327	815	1e-06
NFIA.H12CORE.0.P.B	8	0.6146998982706	421114	0	0	0	1e-05
NFIA.H12CORE.1.PS.A	20	0.535180055401662	482409	74390	5770	717	1e-06
NFIB.H12CORE.0.PSM.A	20	0.538754078303426	445449	61085	6997	688	1e-06
NFIB.H12CORE.1.PS.A	9	0.559475806451613	531694	38443	0	0	1e-05
NFIC.H12CORE.0.PSM.A	17	0.554422858833391	421034	57031	5036	475	1e-06
NFIC.H12CORE.1.PSM.A	8	0.566441441441441	442737	0	0	0	1e-05
NFIL3.H12CORE.0.P.B	10	0.295669687814703	360717	60863	3891	0	1e-06
NFIL3.H12CORE.1.S.B	18	0.433109867072131	168946	8974	481	52	1e-05
NFIX.H12CORE.0.SM.B	17	0.589068897463843	432666	62189	6215	656	1e-06
NFIX.H12CORE.1.S.B	8	0.54978442686722	336415	0	0	0	1e-05
NFKB1.H12CORE.0.PS.A	12	0.612131649445082	401051	68735	9029	632	1e-06
NFKB2.H12CORE.0.PSM.A	16	0.552989130434783	368456	57844	8072	1773	1e-06
NFYA.H12CORE.0.P.B	15	0.463052208835341	334931	68036	10724	1975	1e-06
NFYB.H12CORE.0.P.B	14	0.47723704866562	313212	58362	11482	1857	1e-06
NFYC.H12CORE.0.P.B	15	0.473346693386774	320847	60667	11137	2151	1e-06
NGN1.H12CORE.0.SM.B	14	0.424101303666652	238354	31346	2739	219	1e-05
NGN2.H12CORE.0.P.B	11	0.570818181818182	499197	72150	5435	0	1e-06
NGN2.H12CORE.1.SM.B	14	0.370031578224755	273244	45430	6259	638	1e-06
NKX21.H12CORE.0.P.B	11	0.506090909090909	459117	67150	5773	0	1e-06
NKX22.H12CORE.0.P.B	10	0.519019019019019	395663	43862	4756	0	1e-06
NKX23.H12CORE.0.SM.B	10	0.440068184097062	359428	36585	3616	0	1e-05
NKX25.H12CORE.0.PSM.A	10	0.464900030141666	370924	43301	3716	0	1e-06
NKX25.H12CORE.1.P.B	13	0.514048825426071	550618	81002	9447	923	1e-06
NKX28.H12CORE.0.SM.B	10	0.469031543411752	392309	52395	4712	0	1e-06
NKX31.H12CORE.0.PSM.A	14	0.418716485285872	374428	51768	6184	548	1e-06
NKX32.H12CORE.0.PSM.A	10	0.410054129911788	347390	34889	3616	0	1e-05
NKX32.H12CORE.1.S.B	20	0.410288461538461	439872	69615	7621	790	1e-06
NKX61.H12CORE.0.PS.A	20	0.301554663991976	695185	221825	35904	3516	1e-06
NKX61.H12CORE.1.P.B	8	0.30228184553661	387155	0	0	0	1e-05
NKX61.H12CORE.2.S.B	13	0.295430496207562	455260	59292	6268	740	1e-06
NKX62.H12CORE.0.SM.B	12	0.321070219966159	373763	40870	3852	0	1e-05
NKX63.H12CORE.0.SM.B	14	0.304862990694826	451356	60946	6795	901	1e-06
NOTO.H12CORE.0.SM.B	13	0.402375588617199	268300	27108	2090	134	1e-05
NPAS2.H12CORE.0.M.B	20	0.514841688654354	271631	36230	4310	554	1e-05
NPAS2.H12CORE.1.M.C	11	0.507051979821389	352884	46902	8027	0	1e-06
NPAS2.H12CORE.2.S.B	21	0.578835068163812	150152	18408	1975	196	1e-05
NPAS3.H12CORE.0.P.C	11	0.600036509675064	127153	11146	2600	0	1e-05
NPAS4.H12CORE.0.P.B	11	0.55720531973037	84764	7345	858	0	1e-05
NR1D1.H12CORE.0.P.B	15	0.522933333333333	493059	60423	6004	648	1e-06
NR1D1.H12CORE.1.SM.B	18	0.500260254007912	557731	109768	6942	563	1e-06
NR1D2.H12CORE.0.P.B	18	0.538267875125881	560567	166226	10300	1076	1e-06
NR1D2.H12CORE.1.SM.B	17	0.549254532372404	553375	63149	6838	451	1e-06
NR1H2.H12CORE.0.P.C	18	0.522121415770609	392900	60222	8207	1132	1e-06
NR1H2.H12CORE.1.P.C	19	0.524671052631579	483676	69596	13113	1540	1e-06
NR1H3.H12CORE.0.P.B	17	0.519166225048578	523151	114147	14845	4861	1e-06
NR1H3.H12CORE.1.P.B	13	0.511461538461538	551390	80736	11211	1445	1e-06
NR1H4.H12CORE.0.P.B	20	0.623420479302832	296390	45370	5314	630	1e-06
NR1H4.H12CORE.1.P.B	18	0.549955644267021	339092	50968	5204	613	1e-06
NR1H4.H12CORE.2.P.B	7	0.56274827129616	193665	0	0	0	1e-05
NR1I2.H12CORE.0.M.C	19	0.488458358946097	328004	31263	2971	283	1e-05
NR1I2.H12CORE.1.S.C	12	0.479201446855871	359651	66018	4604	379	1e-06
NR1I3.H12CORE.0.P.B	19	0.524824653448942	553850	96677	11200	1339	1e-06
NR1I3.H12CORE.1.PSM.A	17	0.384810126582278	451101	70554	9704	1190	1e-06
NR1I3.H12CORE.2.M.C	20	0.42471671388102	269642	30566	3078	304	1e-05
NR2C1.H12CORE.0.S.C	12	0.548730978878038	605078	103798	7239	460	1e-06
NR2C1.H12CORE.1.PM.A	16	0.533090538847118	560317	97976	8351	1043	1e-06
NR2C2.H12CORE.0.SM.B	12	0.520324451023933	428750	63862	6102	547	1e-06
NR2C2.H12CORE.1.PS.A	15	0.487624081038046	419240	66577	8896	1145	1e-06
NR2E1.H12CORE.0.SM.B	10	0.347570644439927	518519	113564	13147	0	1e-06
NR2E1.H12CORE.1.S.B	17	0.348023453754492	436585	62133	8259	1190	1e-06
NR2F6.H12CORE.0.P.C	14	0.526642857142857	474585	88267	18235	2245	1e-06
NR2F6.H12CORE.1.PSM.A	12	0.503111416734583	474276	84077	9807	767	1e-06
NR2F6.H12CORE.2.SM.B	18	0.515806210250655	379947	58764	8476	1180	1e-06
NR2F6.H12CORE.3.SM.B	16	0.498847751215559	341826	50689	5776	515	1e-06
NR4A1.H12CORE.0.PSM.A	8	0.375876753507014	504689	0	0	0	1e-05
NR4A2.H12CORE.0.SM.B	10	0.421162814799461	401302	52630	4922	0	1e-06
NR5A2.H12CORE.0.PSM.A	11	0.554899645808737	470432	118150	20462	0	1e-06
NR6A1.H12CORE.0.P.C	14	0.4724888952572	578777	108041	16388	2095	1e-06
NR6A1.H12CORE.1.P.C	12	0.483199598796389	493015	106393	10478	516	1e-06
NR6A1.H12CORE.2.SM.B	19	0.461379321804828	449809	69207	9897	1592	1e-06
NRF1.H12CORE.0.PS.A	16	0.683125	100480	17377	5107	1215	1e-05
NRL.H12CORE.0.SM.B	13	0.491783006656805	341859	34399	1234	168	1e-05
NRL.H12CORE.1.SM.B	19	0.462902046783626	285892	29574	2045	220	1e-05
OLIG1.H12CORE.0.S.B	16	0.376646940598481	264488	47030	8854	1482	1e-06
OLIG2.H12CORE.0.P.B	19	0.567462199041146	526807	116614	15602	1983	1e-06
OLIG2.H12CORE.1.P.B	9	0.55833611389167	489644	101956	0	0	1e-06
OLIG2.H12CORE.2.SM.B	11	0.36745308310992	425167	53697	7184	0	1e-06
OLIG3.H12CORE.0.SM.B	13	0.397294323194687	317568	41230	4874	653	1e-05
ONEC2.H12CORE.0.S.B	12	0.333512666010821	183817	7168	1050	113	1e-05
ONEC2.H12CORE.1.PM.A	13	0.286328418712609	356817	73495	8857	2040	1e-06
ONEC2.H12CORE.2.S.B	13	0.439719052228305	51774	1974	72	3	1e-05
ONEC2.H12CORE.3.P.B	22	0.22338167668907	658347	257539	90478	29986	1e-07
ONEC3.H12CORE.0.S.B	14	0.25515859550471	389558	101441	23481	4318	1e-06
ONEC3.H12CORE.1.S.C	11	0.403129975534931	69358	4370	348	0	1e-05
ONEC3.H12CORE.2.M.C	13	0.278624827857564	391593	81178	9969	928	1e-06
OSR1.H12CORE.0.SM.B	11	0.527634742398143	230806	35342	3563	0	1e-05
OSR2.H12CORE.0.PSM.A	10	0.569554062309102	226727	11139	820	0	1e-05
OSR2.H12CORE.1.M.C	18	0.481857802982567	434056	45299	4355	470	1e-06
OTX1.H12CORE.0.SM.B	12	0.414359588532383	259684	9903	457	20	1e-05
OTX1.H12CORE.1.S.B	14	0.378752042659327	184336	7934	507	72	1e-05
OTX2.H12CORE.0.PSM.A	10	0.4152	360964	37222	2519	0	1e-05
OVOL1.H12CORE.0.SM.B	14	0.421700507614213	48070	5481	649	76	1e-05
OVOL2.H12CORE.0.PSM.A	13	0.416155905037931	52170	7630	1243	78	1e-05
OZF.H12CORE.0.P.B	25	0.367870182555781	658827	208832	95578	72465	1e-08
P53.H12CORE.0.P.B	21	0.537787717826857	386403	60148	7629	1550	1e-06
P53.H12CORE.1.S.C	13	0.466236054022314	342427	37256	3041	231	1e-05
P5F1B.H12CORE.0.S.B	17	0.296701697528436	579847	139298	24634	2840	1e-06
P63.H12CORE.0.PS.A	19	0.540483811722727	337338	55163	9382	1476	1e-06
P63.H12CORE.1.PS.A	12	0.512583333333333	436150	69165	8208	345	1e-06
P73.H12CORE.0.PS.A	19	0.536157894736842	403310	61293	9750	1936	1e-06
P73.H12CORE.1.P.B	11	0.531411677753141	434895	57652	7881	0	1e-06
PATZ1.H12CORE.0.P.B	23	0.732057850115609	686336	327722	140096	55908	1e-08
PATZ1.H12CORE.1.P.C	10	0.784479166666667	595553	194805	55547	0	1e-07
PAX1.H12CORE.0.SM.B	18	0.538960914792718	107779	9470	669	42	1e-05
PAX2.H12CORE.0.SM.B	19	0.544297540758284	125117	9330	595	47	1e-05
PAX3.H12CORE.0.PS.A	14	0.493149707435422	303273	32189	2711	254	1e-05
PAX3.H12CORE.1.SM.B	15	0.487983947119925	111934	8073	669	54	1e-05
PAX3.H12CORE.2.P.C	12	0.303718236173393	514068	82349	6385	263	1e-06
PAX3.H12CORE.3.S.B	20	0.304466077880369	333617	48190	8525	401	1e-06
PAX4.H12CORE.0.SM.B	9	0.308243245263835	635066	29650	0	0	1e-05
PAX4.H12CORE.1.S.C	16	0.256980884557721	445839	89927	15044	4167	1e-06
PAX5.H12CORE.0.PS.A	18	0.520155107336636	170987	18007	1405	138	1e-05
PAX6.H12CORE.0.PSM.A	18	0.500674291052647	129512	10851	778	71	1e-05
PAX7.H12CORE.0.P.B	12	0.498703703703704	373816	32042	4181	129	1e-05
PAX7.H12CORE.1.S.B	14	0.314319768431807	295907	35153	1015	18	1e-05
PAX7.H12CORE.2.PM.A	14	0.265588792921845	358076	55875	5774	410	1e-06
PAX8.H12CORE.0.PSM.A	20	0.575318611294221	128630	10480	626	49	1e-05
PAX9.H12CORE.0.SM.B	17	0.578076680078476	106590	10492	574	36	1e-05
PBX1.H12CORE.0.P.B	12	0.493641231593039	360970	47820	4237	317	1e-06
PBX1.H12CORE.1.P.B	10	0.475508228460794	353885	40941	7500	0	1e-05
PBX1.H12CORE.2.P.B	10	0.488703339882122	455698	54511	7680	0	1e-06
PBX2.H12CORE.0.P.B	11	0.50631708938919	368887	58367	7800	0	1e-06
PBX2.H12CORE.1.P.C	9	0.499444444444444	311070	29035	0	0	1e-05
PBX2.H12CORE.2.P.C	9	0.527	640220	58298	0	0	1e-06
PBX3.H12CORE.0.P.B	12	0.517333333333333	331959	52824	7401	614	1e-06
PBX3.H12CORE.1.P.B	10	0.540565085771948	333033	59455	5538	0	1e-06
PDX1.H12CORE.0.P.B	10	0.304737384140062	434163	64433	5880	0	1e-06
PDX1.H12CORE.1.PSM.A	13	0.388405921108924	261538	14668	449	29	1e-05
PHX2A.H12CORE.0.PS.A	20	0.346826857532379	382282	54563	6578	497	1e-06
PHX2A.H12CORE.1.SM.B	12	0.345106171201062	282605	23217	1670	18	1e-05
PHX2B.H12CORE.0.PSM.A	14	0.183555849732819	530422	117565	14927	617	1e-06
PHX2B.H12CORE.1.SM.B	11	0.312763395544852	307382	26851	3794	0	1e-05
PIT1.H12CORE.0.SM.B	14	0.361260737674709	455610	60069	4878	296	1e-06
PIT1.H12CORE.1.S.B	15	0.24017478955552	607222	187238	26489	3320	1e-06
PITX1.H12CORE.0.PSM.A	10	0.419733685220729	276444	26205	5069	0	1e-05
PITX1.H12CORE.1.S.B	20	0.363094571908226	550244	110635	16699	1801	1e-06
PITX2.H12CORE.0.SM.B	10	0.419647976149524	313858	37034	5069	0	1e-05
PITX3.H12CORE.0.SM.B	9	0.400467601870408	330642	55991	0	0	1e-06
PITX3.H12CORE.1.S.B	20	0.432791479820628	526104	47112	8820	4188	1e-06
PKNX1.H12CORE.0.P.B	12	0.49748743718593	339322	51043	9133	1054	1e-06
PKNX1.H12CORE.1.P.B	11	0.534136546184739	391180	66817	7179	0	1e-06
PKNX1.H12CORE.2.SM.B	8	0.506891659725115	365745	0	0	0	1e-05
PKNX1.H12CORE.3.SM.B	14	0.524543738200126	370923	62026	6809	654	1e-06
PKNX2.H12CORE.0.SM.B	15	0.501799429449199	378062	66544	8680	672	1e-06
PKNX2.H12CORE.1.SM.B	11	0.523379730317529	393641	65208	5773	0	1e-06
PO2F1.H12CORE.0.PS.A	11	0.261090909090909	610924	138851	16794	0	1e-06
PO2F2.H12CORE.0.PSM.A	11	0.297727272727273	602895	136728	20706	0	1e-06
PO2F2.H12CORE.1.M.C	15	0.3692870736349	319920	44812	3513	147	1e-06
PO2F2.H12CORE.2.S.B	13	0.268031437794251	542592	150253	22921	2675	1e-06
PO2F3.H12CORE.0.PS.A	13	0.357396131620026	465456	72955	8122	942	1e-06
PO2F3.H12CORE.1.S.C	19	0.32986429488355	635213	115681	15159	1896	1e-06
PO3F1.H12CORE.0.P.B	15	0.335274431057564	625446	148309	19546	1865	1e-06
PO3F1.H12CORE.1.PS.A	15	0.318586789554532	612254	124985	14315	2226	1e-06
PO3F1.H12CORE.2.S.C	9	0.265518790415056	373323	23547	0	0	1e-05
PO3F1.H12CORE.3.M.C	17	0.309921215707035	633391	103968	13555	1601	1e-06
PO3F2.H12CORE.0.P.B	16	0.320492895204263	559666	113795	15785	2289	1e-06
PO3F2.H12CORE.1.S.B	15	0.281303258145363	512737	101841	12482	1287	1e-06
PO3F2.H12CORE.2.SM.B	16	0.33681514732965	505527	85585	11583	1591	1e-06
PO3F3.H12CORE.0.P.C	12	0.309571619812584	571618	108522	10812	533	1e-06
PO3F3.H12CORE.1.P.C	18	0.347823762164474	610216	139126	18049	2153	1e-06
PO3F3.H12CORE.2.S.B	12	0.242952394960043	505940	109851	14505	0	1e-06
PO3F4.H12CORE.0.SM.B	15	0.297364717922477	536488	114247	15294	1875	1e-06
PO4F1.H12CORE.0.S.B	13	0.300497536705527	508066	107855	9879	720	1e-06
PO4F1.H12CORE.1.SM.B	17	0.255706229860365	590699	136981	17693	2181	1e-06
PO4F2.H12CORE.0.S.B	17	0.213477758646993	657953	184016	24973	3216	1e-06
PO4F3.H12CORE.0.SM.B	17	0.287525251921537	589049	120149	14994	1843	1e-06
PO5F1.H12CORE.0.P.B	17	0.354092321860251	615895	134173	17522	2459	1e-06
PO5F1.H12CORE.1.P.B	11	0.267971465154564	628268	150373	18538	0	1e-06
PO5F1.H12CORE.2.SM.B	17	0.30289662841563	540291	110067	16066	1658	1e-06
PO6F1.H12CORE.0.SM.B	12	0.383127204092783	341339	38295	4192	234	1e-05
PO6F2.H12CORE.0.S.B	13	0.305115480053445	380885	47815	6140	231	1e-06
PPARA.H12CORE.0.P.B	17	0.489846977366615	566921	99530	13139	1635	1e-06
PPARA.H12CORE.1.P.B	9	0.479869545659019	514508	66396	0	0	1e-06
PPARD.H12CORE.0.PSM.A	15	0.518962075848303	549053	96812	11523	1282	1e-06
PPARG.H12CORE.0.P.B	17	0.493081316610728	559039	102256	13301	2252	1e-06
PPARG.H12CORE.1.P.B	11	0.534982395955584	555290	114077	13796	0	1e-06
PRD13.H12CORE.0.P.B	11	0.667670078266105	461448	74974	8296	0	1e-06
PRD14.H12CORE.0.P.B	15	0.487751004016064	314965	50645	10580	524	1e-06
PRD15.H12CORE.0.P.B	18	0.549190396426578	496286	77140	8586	950	1e-06
PRD16.H12CORE.0.P.B	11	0.632004359277086	536631	110093	11705	0	1e-06
PRDM1.H12CORE.0.S.B	12	0.393424420355315	531423	94328	12879	1478	1e-06
PRDM1.H12CORE.1.PS.A	14	0.381857142857143	695737	159575	22827	3191	1e-06
PRDM4.H12CORE.0.PSM.A	20	0.485032894736842	490868	66045	6643	790	1e-06
PRDM5.H12CORE.0.P.B	15	0.612914862914863	578357	135274	18411	2335	1e-06
PRDM5.H12CORE.1.P.B	10	0.618312757201646	550772	98568	7875	0	1e-06
PRDM6.H12CORE.0.P.B	12	0.3555	813380	553532	210292	14125	1e-07
PRDM9.H12CORE.0.P.B	20	0.518493150684932	465144	84420	12069	1643	1e-06
PRGR.H12CORE.0.P.B	15	0.428	474620	78606	10047	1347	1e-06
PRGR.H12CORE.1.P.B	7	0.488202488202488	426850	0	0	0	1e-05
PROP1.H12CORE.0.PSM.A	16	0.295171205711264	434878	65415	7394	441	1e-06
PROP1.H12CORE.1.P.C	10	0.249243188698285	507140	98472	0	0	1e-06
PROX1.H12CORE.0.SM.B	13	0.501559496609002	143424	5980	666	63	1e-05
PRRX1.H12CORE.0.S.B	13	0.303939376965487	395374	66321	6755	742	1e-06
PRRX1.H12CORE.1.S.B	17	0.270364114114114	453909	105729	15612	1333	1e-06
PRRX2.H12CORE.0.SM.B	10	0.322199869508482	285599	8959	366	0	1e-05
PRRX2.H12CORE.1.S.B	16	0.270866297468354	427311	107945	14190	959	1e-06
PTF1A.H12CORE.0.P.B	19	0.517894736842105	576948	111273	14238	1577	1e-06
PTF1A.H12CORE.1.PS.A	10	0.586155378486056	506889	122420	14879	0	1e-06
RARA.H12CORE.0.PSM.A	11	0.528206252098332	601974	59492	3501	0	1e-06
RARA.H12CORE.1.P.B	19	0.542746323331358	459838	76683	10299	1403	1e-06
RARA.H12CORE.2.P.B	17	0.540261568236467	400779	65244	10620	1370	1e-06
RARA.H12CORE.3.P.B	21	0.533545197740113	694235	393151	204313	141974	1e-08
RARB.H12CORE.0.SM.B	10	0.507865957660279	477785	47792	1458	0	1e-06
RARB.H12CORE.1.P.B	12	0.553583009079118	685235	156411	20549	1461	1e-06
RARG.H12CORE.0.P.B	18	0.584118357487923	392102	68945	9874	1425	1e-06
RARG.H12CORE.1.PSM.A	11	0.51947392239986	603625	58657	2734	0	1e-06
RARG.H12CORE.2.SM.B	17	0.470712460366287	605595	103290	12732	1006	1e-06
RARG.H12CORE.3.S.B	17	0.453389009924958	644902	191685	14482	1037	1e-06
RAX2.H12CORE.0.S.B	14	0.294959027305269	389126	67598	8063	549	1e-06
RBAK.H12CORE.0.P.C	16	0.557167658730159	481769	80804	8599	933	1e-06
REL.H12CORE.0.P.B	15	0.536901408450704	488653	92470	12151	1794	1e-06
RELB.H12CORE.0.P.B	11	0.560873755220045	422238	59854	6589	0	1e-06
REST.H12CORE.0.P.B	22	0.608786610878661	411419	69886	12258	2111	1e-06
RFX1.H12CORE.0.PM.A	12	0.582988980716253	470627	61044	7561	288	1e-06
RFX1.H12CORE.1.PSM.A	18	0.570906432748538	288229	44358	10286	3229	1e-06
RFX1.H12CORE.2.S.C	11	0.546946897152095	222910	19656	2144	0	1e-05
RFX2.H12CORE.0.PS.A	14	0.514980884606023	309066	45455	6938	1391	1e-06
RFX2.H12CORE.1.PSM.A	16	0.49660298324479	312154	43172	8810	2070	1e-06
RFX3.H12CORE.0.PSM.A	14	0.567119655286709	331079	49185	10371	2432	1e-06
RFX3.H12CORE.1.PS.A	14	0.523042285484473	313819	44269	8100	804	1e-06
RFX3.H12CORE.2.S.B	20	0.568878504672897	666259	222358	39113	5299	1e-06
RFX4.H12CORE.0.SM.B	16	0.529925299834574	287525	39063	8289	1948	1e-05
RFX5.H12CORE.0.P.B	20	0.533586956521739	371100	55311	7115	1216	1e-06
RFX5.H12CORE.1.PSM.A	12	0.564185814185814	412461	78786	14598	478	1e-06
RFX5.H12CORE.2.S.B	18	0.545869783537212	265337	36478	8085	1746	1e-05
RFX6.H12CORE.0.P.C	11	0.588909090909091	501651	69927	18853	0	1e-06
RFX7.H12CORE.0.SM.B	12	0.552730899489122	146392	10981	1106	10	1e-05
RHXF1.H12CORE.0.SM.B	13	0.484334451026108	245173	22153	1975	199	1e-05
RHXF2.H12CORE.0.SM.B	11	0.433263240772746	296373	36029	2380	0	1e-05
RORA.H12CORE.0.P.C	13	0.515932842213466	567561	78334	6371	614	1e-06
RORB.H12CORE.0.SM.B	17	0.480687402524792	515377	141568	5869	1003	1e-06
RORG.H12CORE.0.M.C	20	0.506597799003322	475560	175590	9695	983	1e-06
RORG.H12CORE.1.PS.A	12	0.432416666666667	422209	56316	5427	426	1e-06
RUNX1.H12CORE.0.P.B	10	0.516167664670659	407170	101463	12028	0	1e-06
RUNX2.H12CORE.0.P.B	13	0.533384615384615	448662	85496	10499	1069	1e-06
RUNX2.H12CORE.1.S.B	11	0.504390458071125	242685	8969	1263	0	1e-05
RUNX2.H12CORE.2.M.C	18	0.459271198582363	408457	70077	9943	1460	1e-06
RUNX3.H12CORE.0.P.B	11	0.530682957964804	474638	82453	10487	0	1e-06
RUNX3.H12CORE.1.S.B	19	0.517696926880961	286710	50517	3507	325	1e-06
RUNX3.H12CORE.2.S.B	11	0.490641131733459	291349	30757	1360	0	1e-05
RX.H12CORE.0.SM.B	16	0.381417730320985	378829	65861	8242	570	1e-06
RXRA.H12CORE.0.PS.A	9	0.54	547983	66396	0	0	1e-06
RXRA.H12CORE.1.S.C	14	0.515823151311599	523703	83674	8668	1002	1e-06
RXRA.H12CORE.2.SM.B	15	0.472809304190896	434761	68400	8866	1086	1e-06
RXRA.H12CORE.3.P.B	21	0.575164325909112	685054	323398	106374	8058	1e-07
RXRB.H12CORE.0.P.C	14	0.530398173255316	574510	121233	16630	1956	1e-06
RXRB.H12CORE.1.SM.B	17	0.528047108673978	424974	65193	12064	1409	1e-06
RXRB.H12CORE.2.PS.A	11	0.542638879272543	450455	88221	10625	0	1e-06
RXRG.H12CORE.0.P.B	10	0.545631067961165	670864	129356	10733	0	1e-06
RXRG.H12CORE.1.SM.B	16	0.508154085837773	412672	65126	8730	1226	1e-06
RXRG.H12CORE.2.P.B	23	0.529040823099901	679530	321033	145754	67814	1e-08
SALL1.H12CORE.0.P.C	16	0.6764375	757813	323411	101364	20238	1e-07
SALL4.H12CORE.0.P.B	11	0.686504686504687	628759	157522	23350	0	1e-06
SATB1.H12CORE.0.P.B	19	0.147105263157895	702494	347831	88827	18450	1e-07
SATB1.H12CORE.1.P.B	12	0.158122503328895	564467	151268	21777	931	1e-06
SCRT1.H12CORE.0.PSM.A	13	0.502038461538462	370460	49682	5401	461	1e-06
SCRT2.H12CORE.0.PSM.A	16	0.542801816239316	437526	58657	4103	322	1e-06
SHOX.H12CORE.0.SM.B	19	0.332392881668113	429680	87852	13256	1238	1e-06
SHOX.H12CORE.1.S.B	13	0.334806585356036	311896	35727	3687	352	1e-05
SHOX2.H12CORE.0.S.B	18	0.283774103290183	478037	118069	15436	1384	1e-06
SHOX2.H12CORE.1.S.C	13	0.344812086570328	298094	33330	3771	331	1e-05
SIX1.H12CORE.0.P.B	14	0.401955187669473	487451	80560	7561	750	1e-06
SIX1.H12CORE.1.SM.B	13	0.490384615384615	112756	9636	695	88	1e-05
SIX2.H12CORE.0.P.B	14	0.391610881640792	501395	84627	7781	1388	1e-06
SIX2.H12CORE.1.M.C	15	0.486427145708583	111677	7488	539	13	1e-05
SIX2.H12CORE.2.SM.B	9	0.484732247678163	69611	643	0	0	1e-05
SIX3.H12CORE.0.SM.B	9	0.466729120535968	111499	12868	0	0	1e-05
SIX4.H12CORE.0.P.B	14	0.432003922850605	423988	60236	6814	525	1e-06
SIX4.H12CORE.1.M.C	15	0.516724738675958	139280	10954	923	56	1e-05
SIX6.H12CORE.0.SM.B	9	0.445486612153279	123689	21580	0	0	1e-05
SKOR1.H12CORE.0.M.C	18	0.310183678634704	406278	85715	9147	756	1e-06
SKOR1.H12CORE.1.S.C	16	0.310786128903122	365237	64633	4328	160	1e-06
SKOR2.H12CORE.0.SM.B	15	0.281054403202329	391571	78911	5422	303	1e-06
SMAD2.H12CORE.0.P.B	12	0.538147138964578	570565	89604	9679	716	1e-06
SMAD2.H12CORE.1.P.B	10	0.5746	491519	90210	8190	0	1e-06
SMAD3.H12CORE.0.S.B	11	0.48180114291706	251655	25722	2371	0	1e-05
SMAD3.H12CORE.1.P.B	9	0.556333333333333	491182	62603	0	0	1e-06
SMAD3.H12CORE.2.P.C	14	0.559396299902629	666825	248532	26546	2102	1e-06
SMAD4.H12CORE.0.P.B	8	0.620758483033932	360543	0	0	0	1e-05
SMAD4.H12CORE.1.P.B	13	0.559707677239509	562293	101180	16847	1113	1e-06
SMAD5.H12CORE.0.M.C	10	0.585715553977273	124290	14054	1817	0	1e-05
SNAI1.H12CORE.0.PSM.A	12	0.576499434585943	590039	88349	7044	462	1e-06
SNAI2.H12CORE.0.PSM.A	11	0.614001460387002	595904	103763	12179	0	1e-06
SNAI3.H12CORE.0.S.C	11	0.576632227263616	601826	58466	4828	0	1e-06
SOLH2.H12CORE.0.S.C	11	0.614830717599447	146212	16664	1092	0	1e-05
SOX1.H12CORE.0.S.B	17	0.309372979961215	552831	100692	13623	1853	1e-06
SOX1.H12CORE.1.S.B	9	0.401862529745561	591735	140601	0	0	1e-06
SOX10.H12CORE.0.PSM.A	23	0.390873869995695	542871	109892	13918	1848	1e-06
SOX10.H12CORE.1.PSM.A	11	0.384021414598991	480979	69065	6778	0	1e-06
SOX10.H12CORE.2.S.C	14	0.505009238942141	134993	7544	553	31	1e-05
SOX11.H12CORE.0.P.B	12	0.451416666666667	666210	149103	23479	1579	1e-06
SOX11.H12CORE.1.S.B	13	0.538261608437047	83534	7659	903	54	1e-05
SOX12.H12CORE.0.SM.B	14	0.426442644264426	411686	34286	1217	74	1e-05
SOX13.H12CORE.0.P.B	12	0.409362549800797	682084	158522	17699	1579	1e-06
SOX14.H12CORE.0.SM.B	19	0.368958109559613	532499	96001	10682	805	1e-06
SOX15.H12CORE.0.P.B	8	0.398722627737226	561999	0	0	0	1e-05
SOX17.H12CORE.0.PS.A	12	0.419956140350877	520333	86663	9413	348	1e-06
SOX17.H12CORE.1.P.B	15	0.367165171153207	725134	128968	14648	1458	1e-06
SOX17.H12CORE.2.S.C	18	0.303204759163308	509206	96139	10152	1048	1e-06
SOX18.H12CORE.0.SM.B	9	0.383940650549968	377071	41766	0	0	1e-05
SOX2.H12CORE.0.P.B	12	0.397384971863621	637035	106813	9373	0	1e-06
SOX2.H12CORE.1.P.B	17	0.371433603381472	693417	132254	14591	1606	1e-06
SOX2.H12CORE.2.S.B	10	0.316696902037399	507037	67468	4807	0	1e-06
SOX2.H12CORE.3.S.B	12	0.283034407027818	546063	115035	14524	962	1e-06
SOX21.H12CORE.0.S.B	18	0.378437255231062	605775	130613	16266	1646	1e-06
SOX3.H12CORE.0.PM.A	11	0.375291725923495	460681	70045	8725	0	1e-06
SOX3.H12CORE.1.S.C	16	0.401385554221689	476781	75998	9464	804	1e-06
SOX30.H12CORE.0.P.C	11	0.519423307969563	558046	62741	5386	0	1e-06
SOX30.H12CORE.1.SM.B	10	0.409264820375931	388687	61096	5050	0	1e-06
SOX4.H12CORE.0.PSM.A	13	0.453785840215273	594495	110983	12568	1367	1e-06
SOX5.H12CORE.0.P.B	9	0.391452991452992	478292	54798	0	0	1e-06
SOX6.H12CORE.0.P.B	10	0.389728096676737	587419	102812	8266	0	1e-06
SOX7.H12CORE.0.PS.A	9	0.391765369430344	517908	54798	0	0	1e-06
SOX7.H12CORE.1.SM.B	17	0.32856060516378	580231	128906	16971	1675	1e-06
SOX8.H12CORE.0.PSM.A	17	0.408352941176471	611565	126459	16600	1937	1e-06
SOX8.H12CORE.1.PS.A	11	0.400309437854564	457309	54147	4223	0	1e-06
SOX9.H12CORE.0.PS.A	21	0.367790476190476	551337	114040	15333	1663	1e-06
SOX9.H12CORE.1.PS.A	10	0.345556750941366	480552	76098	11721	0	1e-06
SOX9.H12CORE.2.S.B	17	0.330440594209796	627475	138124	15549	1595	1e-06
SP1.H12CORE.0.P.B	14	0.774312196557305	449183	142243	20606	5024	1e-06
SP1.H12CORE.1.SM.B	14	0.713277771091588	338508	122133	8954	1248	1e-06
SP1.H12CORE.2.P.B	21	0.750170415814588	572794	205022	45353	13646	1e-07
SP2.H12CORE.0.P.D	12	0.791499330655957	614118	182038	20514	2684	1e-06
SP2.H12CORE.1.P.B	21	0.686177248677249	597448	236259	59027	18338	1e-07
SP3.H12CORE.0.P.B	19	0.78424223208624	490104	159850	30471	9776	1e-06
SP3.H12CORE.1.S.B	11	0.696036838291661	321197	121379	8054	0	1e-06
SP4.H12CORE.0.P.C	15	0.717741935483871	506573	165258	27289	7160	1e-06
SP4.H12CORE.1.S.B	12	0.681531830238727	272293	112037	8852	1152	1e-06
SP4.H12CORE.2.P.B	21	0.710162002945508	771299	443908	125272	34910	1e-07
SP5.H12CORE.0.P.B	14	0.744877489611692	599563	159672	29995	4143	1e-06
SP5.H12CORE.1.P.B	25	0.662012072434608	750392	431139	193350	71881	1e-08
SP7.H12CORE.0.P.B	14	0.317871371656232	534475	90325	9500	1008	1e-06
SP8.H12CORE.0.SM.B	12	0.684689081706435	209224	36353	7921	634	1e-05
SP9.H12CORE.0.P.B	14	0.327344877344877	543082	89994	9805	1077	1e-06
SP9.H12CORE.1.S.C	12	0.712815965771548	214217	37746	9295	1152	1e-05
SPDEF.H12CORE.0.PSM.A	12	0.553519934278912	72782	8347	801	68	1e-05
SPDEF.H12CORE.1.SM.B	20	0.549702380952381	213302	17182	1019	54	1e-05
SPI1.H12CORE.0.P.B	14	0.482160696446411	635684	169353	37457	3788	1e-06
SPI1.H12CORE.1.S.B	12	0.524484350209145	514992	75451	10529	0	1e-06
SPIB.H12CORE.0.P.B	16	0.46036889332004	684081	187368	37702	4186	1e-06
SPIB.H12CORE.1.S.C	13	0.39820958675374	516157	100888	19437	1374	1e-06
SPIB.H12CORE.2.SM.B	16	0.441718397291196	588109	139538	27289	3230	1e-06
SRBP1.H12CORE.0.P.B	12	0.53475	548699	218621	8465	0	1e-06
SRBP1.H12CORE.1.S.C	12	0.581166792263251	151528	14084	480	16	1e-05
SRBP2.H12CORE.0.S.B	12	0.566747513351953	242008	82944	2430	153	1e-06
SRBP2.H12CORE.1.P.B	13	0.632989936834507	557613	121248	21289	2443	1e-06
SRBP2.H12CORE.2.M.C	12	0.497214874351409	503270	45567	4335	409	1e-06
SRF.H12CORE.0.PSM.A	17	0.415177463390419	433263	75193	13197	2687	1e-06
SRY.H12CORE.0.S.B	12	0.387603215993046	563293	140220	11419	1053	1e-06
SRY.H12CORE.1.S.B	17	0.329246452679432	564357	108140	14091	1215	1e-06
STA5A.H12CORE.0.P.B	11	0.389636183082062	554353	128474	16585	0	1e-06
STA5B.H12CORE.0.P.B	13	0.363846153846154	593178	144061	25024	3098	1e-06
STAT1.H12CORE.0.P.B	20	0.441784989858012	670364	163292	20744	2533	1e-06
STAT1.H12CORE.1.P.B	18	0.384502923976608	807081	318743	43479	5338	1e-07
STAT2.H12CORE.0.P.B	18	0.384388888888889	811501	360752	50108	6365	1e-07
STAT3.H12CORE.0.P.B	13	0.483153846153846	475872	76334	7251	846	1e-06
STAT4.H12CORE.0.P.B	11	0.434454545454545	575920	101877	11404	0	1e-06
STAT6.H12CORE.0.P.B	13	0.406890704485895	563250	112678	14827	1446	1e-06
STF1.H12CORE.0.PSM.A	12	0.543881644934804	477968	112315	21650	1201	1e-06
SUH.H12CORE.0.P.B	11	0.572649572649573	500117	65172	2248	0	1e-06
TAF1.H12CORE.0.P.B	15	0.64471403812825	360698	48990	6810	1474	1e-06
TAL1.H12CORE.0.P.B	19	0.487827961512172	353163	50623	7051	1096	1e-06
TAL1.H12CORE.1.P.B	14	0.494018296973962	679156	153281	22025	2410	1e-06
TAL1.H12CORE.2.P.B	14	0.51827731092437	638209	151999	23247	3115	1e-06
TBP.H12CORE.0.P.B	10	0.250150451354062	559999	71226	6802	0	1e-06
TBR1.H12CORE.0.PS.A	18	0.466666666666667	494000	56914	6048	695	1e-06
TBX1.H12CORE.0.S.B	15	0.500197823936696	637578	152640	12408	1265	1e-06
TBX15.H12CORE.0.SM.B	13	0.499839819865998	379776	51029	6663	597	1e-06
TBX18.H12CORE.0.M.C	12	0.481804068260721	484254	55909	6968	366	1e-06
TBX19.H12CORE.0.PS.A	22	0.425119648632843	382284	70282	6143	731	1e-06
TBX19.H12CORE.1.SM.B	13	0.415532994923858	392066	57926	6849	807	1e-06
TBX2.H12CORE.0.SM.B	10	0.494254177841964	500834	51498	5629	0	1e-06
TBX20.H12CORE.0.P.C	14	0.520446766348406	478491	71452	8306	864	1e-06
TBX20.H12CORE.1.M.C	11	0.498341315523529	467173	60234	6133	0	1e-06
TBX20.H12CORE.2.SM.B	18	0.499895639907299	515343	72011	7975	885	1e-06
TBX21.H12CORE.0.PSM.A	13	0.450364997263484	521687	61451	6979	752	1e-06
TBX3.H12CORE.0.PSM.A	12	0.522125723738627	477064	60109	8577	507	1e-06
TBX4.H12CORE.0.PS.A	9	0.55864504027364	547945	36487	0	0	1e-05
TBX4.H12CORE.1.S.B	23	0.453964583058015	523228	128313	17352	1444	1e-06
TBX5.H12CORE.0.PS.A	9	0.543456543456543	473837	47822	0	0	1e-06
TBX5.H12CORE.1.P.B	13	0.528461538461538	556082	89402	9575	880	1e-06
TBX5.H12CORE.2.S.B	26	0.456605661995996	510302	81823	8241	823	1e-06
TBX6.H12CORE.0.PSM.A	12	0.463153965269329	470087	52229	6382	366	1e-06
TBXT.H12CORE.0.PS.A	20	0.452958579881657	486448	75578	14921	6774	1e-06
TBXT.H12CORE.1.PSM.A	12	0.444938027860042	419902	57507	6602	437	1e-06
TCF21.H12CORE.0.PS.A	12	0.573166666666667	490533	111758	13841	967	1e-06
TCF21.H12CORE.1.SM.B	12	0.443792874529763	317334	32478	3888	210	1e-05
TCF7.H12CORE.0.PSM.A	15	0.449882035726323	596110	101659	9974	887	1e-06
TEAD1.H12CORE.0.PSM.A	13	0.507461538461538	502545	113270	35408	1500	1e-06
TEAD1.H12CORE.1.P.C	13	0.372461538461538	637802	112788	12475	1201	1e-06
TEAD1.H12CORE.2.S.C	19	0.427829607463475	564949	104301	12366	1578	1e-06
TEAD2.H12CORE.0.PSM.A	13	0.476135286480114	423226	53232	4696	289	1e-06
TEAD3.H12CORE.0.PS.A	13	0.518307692307692	499017	110848	41000	3056	1e-06
TEAD3.H12CORE.1.S.B	18	0.447196509906305	533442	81287	10147	1433	1e-06
TEAD4.H12CORE.0.PS.A	12	0.469333333333333	517512	118075	8675	704	1e-06
TEAD4.H12CORE.1.P.B	16	0.470082364341085	554905	95640	11450	1234	1e-06
TEF.H12CORE.0.SM.B	13	0.365570158484731	250606	35256	1495	48	1e-05
TF2L1.H12CORE.0.PSM.A	20	0.531173452499172	170419	16303	1180	126	1e-05
TF2L1.H12CORE.1.P.B	9	0.535770176615247	420880	42890	0	0	1e-06
TF2LX.H12CORE.0.SM.B	8	0.464738805970149	403180	0	0	0	1e-05
TF2LX.H12CORE.1.SM.B	16	0.494180841539839	362503	65943	6801	662	1e-06
TF2LY.H12CORE.0.SM.B	14	0.507154321253027	391977	68495	6810	578	1e-06
TF2LY.H12CORE.1.SM.B	14	0.512155297532656	337793	61840	6911	441	1e-06
TF65.H12CORE.0.P.B	13	0.553476553476554	411939	72152	7138	792	1e-06
TF7L1.H12CORE.0.PM.A	12	0.392666666666667	559126	82209	8723	656	1e-06
TF7L1.H12CORE.1.P.C	12	0.344372509960159	638712	113640	11669	743	1e-06
TF7L1.H12CORE.2.S.C	17	0.590215594434495	121957	6985	461	49	1e-05
TF7L2.H12CORE.0.P.B	12	0.435564435564436	512481	77243	7252	488	1e-06
TFAP4.H12CORE.0.PSM.A	12	0.486303793884485	409674	66336	8626	826	1e-06
TFCP2.H12CORE.0.SM.B	26	0.512685778247621	176980	16170	1670	237	1e-05
TFCP2.H12CORE.1.SM.B	21	0.506345710090204	204104	16460	1620	196	1e-05
TFCP2.H12CORE.2.S.C	13	0.465205905205905	111151	7224	1000	109	1e-05
TFDP1.H12CORE.0.P.B	11	0.727456011730205	211796	34631	4571	0	1e-05
TFE2.H12CORE.0.PS.A	10	0.633033033033033	587543	60830	6518	0	1e-06
TFE3.H12CORE.0.PSM.A	11	0.546907637816729	259978	30913	1958	0	1e-05
TFEB.H12CORE.0.SM.B	12	0.501733500417711	283488	30086	1736	140	1e-05
TFEB.H12CORE.1.P.C	11	0.500587969244686	450471	65581	7384	0	1e-06
TFEC.H12CORE.0.M.B	14	0.518830697701966	297526	30168	1968	184	1e-05
TFEC.H12CORE.1.SM.B	13	0.519144248706413	158980	20321	2047	205	1e-05
TGIF1.H12CORE.0.PSM.A	8	0.510171568627451	353671	0	0	0	1e-05
TGIF1.H12CORE.1.S.B	17	0.45355128352711	444647	73810	7295	815	1e-06
TGIF2.H12CORE.0.S.B	16	0.485831832733093	409914	70197	7232	699	1e-06
TGIF2.H12CORE.1.PSM.A	10	0.479087452471483	390040	35440	3594	0	1e-05
THA.H12CORE.0.P.B	17	0.572411764705882	593205	291990	24105	6577	1e-06
THA.H12CORE.1.PS.A	8	0.542219387755102	590356	0	0	0	1e-05
THA.H12CORE.2.S.B	16	0.473587674247982	579851	74500	5071	414	1e-06
THAP1.H12CORE.0.P.B	23	0.62868076963963	412950	79076	11382	1512	1e-06
THB.H12CORE.0.P.B	17	0.558176470588235	596487	338442	225905	16467	1e-07
THB.H12CORE.1.PSM.A	9	0.539045069165551	607519	220684	0	0	1e-06
THB.H12CORE.2.SM.B	14	0.498546447927775	377064	60010	7402	765	1e-06
THB.H12CORE.3.S.C	22	0.454045587843242	538326	270767	9959	543	1e-06
TLX2.H12CORE.0.SM.B	12	0.35975926567371	278699	27488	1216	31	1e-05
TLX3.H12CORE.0.SM.B	12	0.353219696969697	314624	8741	695	48	1e-05
TRPS1.H12CORE.0.P.B	8	0.361392405063291	352375	0	0	0	1e-05
TWST1.H12CORE.0.P.B	18	0.38604797979798	568678	102521	12904	1569	1e-06
TWST1.H12CORE.1.P.B	16	0.4656875	541139	103949	10672	1072	1e-06
TWST2.H12CORE.0.P.B	19	0.560804020100502	503104	86102	12123	1623	1e-06
TWST2.H12CORE.1.P.B	10	0.566532663316583	502787	84743	13697	0	1e-06
TYY1.H12CORE.0.PSM.A	12	0.590096860387442	380144	52234	9067	968	1e-06
TYY1.H12CORE.1.S.B	11	0.527783951989331	344798	13711	1711	0	1e-05
TYY2.H12CORE.0.PS.A	12	0.62312925170068	351092	41924	4185	968	1e-05
TYY2.H12CORE.1.SM.B	14	0.517456000230252	407040	50018	3087	500	1e-06
TZAP.H12CORE.0.P.B	14	0.573783359497645	376695	39114	2739	115	1e-05
UBIP1.H12CORE.0.SM.B	21	0.519202560665229	190103	17126	1580	172	1e-05
UNC4.H12CORE.0.S.B	15	0.273601818493738	505352	113394	11700	1122	1e-06
UNC4.H12CORE.1.S.B	12	0.295492251756151	362448	100641	14987	1557	1e-06
USF1.H12CORE.0.PSM.A	12	0.60300036589828	265982	29090	3087	382	1e-05
USF2.H12CORE.0.PSM.A	18	0.598960442824355	276038	25999	3280	483	1e-05
VAX1.H12CORE.0.SM.B	12	0.381232872134216	239981	13359	355	27	1e-05
VAX2.H12CORE.0.SM.B	13	0.391425219342991	245736	17254	592	22	1e-05
VDR.H12CORE.0.PS.A	16	0.576593137254902	394034	65249	12247	979	1e-06
VDR.H12CORE.1.PS.A	9	0.515888888888889	553407	48038	0	0	1e-06
VENTX.H12CORE.0.SM.B	10	0.359123173277662	258068	16146	480	0	1e-05
VENTX.H12CORE.1.S.C	18	0.325254358836448	571504	140285	25834	2650	1e-06
VEZF1.H12CORE.0.P.C	11	0.862134862134862	674227	210036	57505	0	1e-07
VEZF1.H12CORE.1.P.B	23	0.639925292099205	790671	503600	241914	100362	1e-08
VSX1.H12CORE.0.SM.B	12	0.359688551212156	291042	38479	2933	212	1e-05
VSX1.H12CORE.1.SM.B	17	0.30958102601609	376247	66858	7622	672	1e-06
VSX2.H12CORE.0.PSM.A	12	0.372395833333333	451433	44175	2820	212	1e-06
VSX2.H12CORE.1.S.B	17	0.321497554245579	360531	56333	6876	615	1e-06
WT1.H12CORE.0.P.B	10	0.686060606060606	626148	263417	22744	0	1e-06
WT1.H12CORE.1.P.B	21	0.682842785355348	626565	272019	81029	21779	1e-07
XBP1.H12CORE.0.PS.A	12	0.551963746223565	110186	12615	1331	0	1e-05
XBP1.H12CORE.1.M.B	14	0.554949211151934	169069	10845	819	100	1e-05
YBOX1.H12CORE.0.SM.B	13	0.499289557030674	417183	35260	2159	142	1e-05
Z280A.H12CORE.0.P.B	15	0.465351742274819	723031	180115	23371	2303	1e-06
Z324A.H12CORE.0.P.B	24	0.493173847695391	522836	90941	20443	2252	1e-06
Z354A.H12CORE.0.P.B	23	0.257846668381785	760466	323587	70471	21860	1e-07
Z585A.H12CORE.0.P.C	23	0.355802158741168	833315	733707	525077	349384	1e-09
Z585B.H12CORE.0.P.C	24	0.478041666666667	775794	402020	80623	12842	1e-07
Z705G.H12CORE.0.P.C	22	0.391694725028058	618048	123948	18342	2737	1e-06
Z780A.H12CORE.0.P.C	22	0.636648617839841	609703	191319	34355	5579	1e-06
ZBED1.H12CORE.0.S.B	14	0.489414392541517	30532	1342	67	4	1e-04
ZBED5.H12CORE.0.P.C	14	0.602857142857143	423430	57844	9299	512	1e-06
ZBT12.H12CORE.0.P.B	12	0.523083333333333	388885	51740	3479	301	1e-06
ZBT14.H12CORE.0.P.C	13	0.821566922286347	104337	28916	7739	838	1e-05
ZBT14.H12CORE.1.S.B	16	0.707364341085271	79967	16110	2366	357	1e-05
ZBT16.H12CORE.0.P.B	10	0.406764705882353	410686	50102	4295	0	1e-06
ZBT17.H12CORE.0.P.B	18	0.66210198174126	625970	268129	85549	23768	1e-07
ZBT18.H12CORE.0.PSM.A	11	0.558727272727273	536296	88240	10022	0	1e-06
ZBT20.H12CORE.0.SM.B	14	0.389540289256198	256066	27216	2342	163	1e-05
ZBT22.H12CORE.0.SM.B	18	0.417892390958294	305742	34546	3457	345	1e-05
ZBT24.H12CORE.0.P.B	20	0.54465	471347	92619	11716	1691	1e-06
ZBT26.H12CORE.0.PSM.A	8	0.465875	548402	0	0	0	1e-05
ZBT26.H12CORE.1.SM.B	24	0.353642086330935	486838	111677	19764	3500	1e-06
ZBT37.H12CORE.0.M.C	11	0.583661037859511	155468	7288	298	0	1e-05
ZBT40.H12CORE.0.P.B	23	0.215183126475291	714220	282030	59941	15911	1e-07
ZBT42.H12CORE.0.P.C	11	0.602942512033421	496340	97491	12723	0	1e-06
ZBT43.H12CORE.0.S.C	10	0.587773494478016	339379	26983	1600	0	1e-05
ZBT44.H12CORE.0.P.C	17	0.484339190221543	607352	154781	23309	2961	1e-06
ZBT45.H12CORE.0.SM.B	13	0.461148039883074	209018	20780	1999	194	1e-05
ZBT49.H12CORE.0.P.C	23	0.548540798094103	711821	521881	444022	357810	1e-09
ZBT7A.H12CORE.0.P.B	9	0.738214643931795	336703	46644	0	0	1e-06
ZBT7A.H12CORE.1.SM.B	16	0.669942977190876	321047	48875	8600	1464	1e-06
ZBT7B.H12CORE.0.SM.B	12	0.671534632846016	213495	8436	394	22	1e-05
ZBT7C.H12CORE.0.S.B	10	0.669357419010799	257914	7696	401	0	1e-05
ZBTB2.H12CORE.0.SM.B	12	0.537424196736691	55937	6225	1021	40	1e-05
ZBTB6.H12CORE.0.P.B	15	0.64188376753507	565828	106024	14623	1679	1e-06
ZEB1.H12CORE.0.P.B	11	0.643	547406	118450	12249	0	1e-06
ZEB2.H12CORE.0.P.B	8	0.595089730807577	493638	0	0	0	1e-05
ZF64B.H12CORE.0.P.B	16	0.592394578313253	407576	68668	10865	2410	1e-06
ZF64B.H12CORE.1.P.B	14	0.623235800344234	491308	90827	12638	2118	1e-06
ZF69B.H12CORE.0.P.C	18	0.534833333333333	726993	150056	22775	2470	1e-06
ZFP1.H12CORE.0.PSM.A	23	0.474	638393	134030	27501	14113	1e-06
ZFP14.H12CORE.0.P.C	18	0.594914947520811	626055	143064	18311	2335	1e-06
ZFP28.H12CORE.0.P.B	23	0.347217391304348	827432	599792	154910	19439	1e-07
ZFP3.H12CORE.0.P.C	23	0.473271560940841	495230	91439	17963	5583	1e-06
ZFP37.H12CORE.0.P.C	21	0.391240446796002	815654	486713	174792	35700	1e-07
ZFP41.H12CORE.0.SM.B	18	0.5472483385566	274641	25613	1709	122	1e-05
ZFP42.H12CORE.0.PM.A	13	0.514525854193313	437512	67817	9223	1067	1e-06
ZFP57.H12CORE.0.P.B	9	0.753333333333333	86320	5409	0	0	1e-05
ZFP69.H12CORE.0.P.C	19	0.405723553416344	683121	154077	20667	3313	1e-06
ZFP82.H12CORE.0.P.C	25	0.378073394495413	823829	506443	124989	17604	1e-07
ZFP90.H12CORE.0.P.C	13	0.492940603700097	506458	89418	12577	2800	1e-06
ZFP90.H12CORE.1.P.C	23	0.493107104984093	557636	109455	27144	15047	1e-06
ZFP91.H12CORE.0.P.C	15	0.447335811648079	524450	89954	12751	1872	1e-06
ZFX.H12CORE.0.P.B	10	0.725025025025025	361911	57377	4394	0	1e-06
ZIC1.H12CORE.0.P.B	10	0.740863453815261	328171	59973	2240	0	1e-06
ZIC1.H12CORE.1.M.B	16	0.659363122624525	361433	62150	9327	873	1e-06
ZIC1.H12CORE.2.S.B	16	0.70035091047041	270914	34443	3059	220	1e-05
ZIC2.H12CORE.0.P.B	15	0.643043043043043	431665	92762	16218	1974	1e-06
ZIC3.H12CORE.0.P.B	15	0.654	434216	95242	16349	2012	1e-06
ZIC3.H12CORE.1.S.B	16	0.682416188059303	281629	36424	3044	225	1e-05
ZIC3.H12CORE.2.M.B	16	0.682518886331799	373511	65187	9477	840	1e-06
ZIC4.H12CORE.0.SM.B	15	0.662965967082362	295241	37269	3423	460	1e-05
ZIC5.H12CORE.0.P.B	15	0.756733333333333	323109	61254	9377	914	1e-06
ZIC5.H12CORE.1.M.C	17	0.678262488090806	325168	52109	6964	750	1e-06
ZIC5.H12CORE.2.S.C	17	0.734016204466109	257396	29077	2231	130	1e-05
ZIK1.H12CORE.0.P.C	23	0.411660401446911	807979	419465	98864	13560	1e-07
ZIM3.H12CORE.0.P.B	19	0.416399390083601	740391	219748	38943	5580	1e-06
ZKSC1.H12CORE.0.P.B	19	0.521004345726702	409792	97484	33788	13860	1e-06
ZKSC5.H12CORE.0.P.C	13	0.593022362253132	605096	183751	29888	3560	1e-06
ZKSC8.H12CORE.0.P.B	31	0.459004700923975	527767	193245	88766	46477	1e-08
ZKSC8.H12CORE.1.P.B	15	0.5198	545012	96686	18541	4388	1e-06
ZN100.H12CORE.0.P.B	23	0.561540920716113	368339	54450	14836	8696	1e-06
ZN100.H12CORE.1.P.B	14	0.746166263115416	315013	49260	6446	634	1e-06
ZN101.H12CORE.0.P.C	25	0.515825049701789	564425	144682	26742	2434	1e-06
ZN112.H12CORE.0.P.C	24	0.405202821869489	590134	88546	11181	3595	1e-06
ZN121.H12CORE.0.P.B	23	0.606794416370641	696852	575336	534371	481814	1e-10
ZN124.H12CORE.0.P.C	12	0.535743973399834	744023	221250	28737	1457	1e-06
ZN132.H12CORE.0.P.C	25	0.595443037974684	750101	426069	170180	70631	1e-08
ZN133.H12CORE.0.P.B	25	0.398103092783505	614116	125002	15614	2732	1e-06
ZN134.H12CORE.0.P.C	17	0.505661419497376	383090	53870	7736	1570	1e-06
ZN134.H12CORE.1.P.C	22	0.526136363636364	449498	77778	9875	2638	1e-06
ZN135.H12CORE.0.P.C	23	0.586860965121835	708813	579867	546209	497675	1e-10
ZN136.H12CORE.0.P.B	23	0.374735268468917	625706	136689	34312	18979	1e-06
ZN140.H12CORE.0.P.B	23	0.511481179449762	627642	136146	30400	13983	1e-06
ZN140.H12CORE.1.SM.B	15	0.520865800865801	345713	32058	3205	127	1e-05
ZN141.H12CORE.0.P.C	17	0.758941176470588	274294	43499	6641	976	1e-06
ZN143.H12CORE.0.P.B	23	0.522228199735903	534709	79904	12757	5267	1e-06
ZN148.H12CORE.0.P.B	19	0.744105263157895	630006	299943	112251	44768	1e-08
ZN154.H12CORE.0.P.C	31	0.515508684863524	526822	77752	8020	944	1e-06
ZN157.H12CORE.0.P.B	30	0.51962481962482	406097	62650	8430	1192	1e-06
ZN160.H12CORE.0.P.C	25	0.332031076581576	751915	285977	47362	9363	1e-07
ZN165.H12CORE.0.P.C	16	0.679917279411765	657501	135896	18297	1845	1e-06
ZN174.H12CORE.0.M.C	17	0.59597034150843	243123	18837	1168	58	1e-05
ZN177.H12CORE.0.SM.B	24	0.485557558218251	144040	20700	967	82	1e-05
ZN180.H12CORE.0.P.C	25	0.688666666666667	590433	242387	67861	14767	1e-07
ZN184.H12CORE.0.P.B	31	0.432988772054892	801152	389775	99919	49780	1e-08
ZN189.H12CORE.0.P.B	15	0.563133333333333	581812	124912	17820	3670	1e-06
ZN189.H12CORE.1.P.B	24	0.578916666666667	621298	184792	40210	10979	1e-06
ZN197.H12CORE.0.P.C	25	0.43855421686747	819211	550018	199786	56635	1e-08
ZN205.H12CORE.0.P.C	23	0.571217391304348	402278	107410	38396	15480	1e-06
ZN211.H12CORE.0.P.B	13	0.299007444168734	400241	95375	14797	4020	1e-06
ZN211.H12CORE.1.P.C	23	0.295710730493339	619624	179363	33667	6788	1e-06
ZN213.H12CORE.0.P.C	17	0.623698283141008	605614	135240	8975	879	1e-06
ZN214.H12CORE.0.P.B	23	0.420125164690382	520811	88304	11946	1974	1e-06
ZN222.H12CORE.0.P.C	12	0.540583333333333	693509	127000	24473	1379	1e-06
ZN223.H12CORE.0.P.C	16	0.666041041041041	721603	463170	29315	2200	1e-06
ZN224.H12CORE.0.P.B	23	0.504392881279568	665099	190658	21779	1787	1e-06
ZN239.H12CORE.0.P.C	28	0.494910714285714	564717	155207	16799	3021	1e-06
ZN248.H12CORE.0.P.B	23	0.399766559673184	511012	105813	33355	22105	1e-06
ZN250.H12CORE.0.P.C	23	0.408454942079133	505254	104425	36896	27493	1e-06
ZN250.H12CORE.1.M.C	11	0.532106745463779	216288	18520	2146	0	1e-05
ZN251.H12CORE.0.P.C	19	0.438710526315789	458117	98770	31070	15134	1e-06
ZN254.H12CORE.0.P.C	21	0.520357847280924	446674	69447	9884	2701	1e-06
ZN257.H12CORE.0.P.B	12	0.564389359129383	503384	103683	8757	817	1e-06
ZN260.H12CORE.0.P.C	23	0.351978786211037	598392	184979	87666	65547	1e-08
ZN263.H12CORE.0.PM.A	10	0.674797570850202	573737	128408	36359	0	1e-06
ZN263.H12CORE.1.P.B	21	0.661729098419029	701638	312906	110375	37120	1e-07
ZN264.H12CORE.0.P.B	18	0.490786852589641	494782	61465	14139	7245	1e-06
ZN266.H12CORE.0.P.B	21	0.522012578616352	400336	67088	10528	1794	1e-06
ZN267.H12CORE.0.P.C	31	0.634148456468956	435965	112346	22374	5044	1e-06
ZN273.H12CORE.0.P.C	23	0.680772152464364	622744	196167	23629	3864	1e-06
ZN274.H12CORE.0.SM.B	14	0.464046045100733	396082	59658	4564	240	1e-06
ZN274.H12CORE.1.P.B	21	0.437794937794938	568330	101175	13825	2263	1e-06
ZN274.H12CORE.2.P.B	21	0.472436490795022	618411	101570	12227	2193	1e-06
ZN276.H12CORE.0.SM.B	26	0.467278989667049	346424	38300	3444	313	1e-05
ZN281.H12CORE.0.P.B	16	0.777097902097902	601720	260778	87413	31849	1e-07
ZN281.H12CORE.1.SM.B	26	0.678533653846154	720519	402312	183579	77029	1e-08
ZN282.H12CORE.0.P.B	11	0.752727272727273	560830	130419	25303	0	1e-06
ZN283.H12CORE.0.P.C	23	0.646191859204994	556919	119165	17752	3293	1e-06
ZN284.H12CORE.0.P.C	16	0.603894472361809	629233	519257	464097	386814	1e-09
ZN285.H12CORE.0.P.C	23	0.447872837774661	584730	100223	10516	3017	1e-06
ZN296.H12CORE.0.S.C	11	0.561705530273633	344366	48954	4066	0	1e-06
ZN302.H12CORE.0.P.B	23	0.489130434782609	630997	221682	22907	2254	1e-06
ZN304.H12CORE.0.P.C	31	0.554704920469749	467591	85662	15379	5121	1e-06
ZN316.H12CORE.0.P.C	24	0.571291666666667	594537	173393	61771	28411	1e-07
ZN317.H12CORE.0.P.B	20	0.425824175824176	522562	102955	23052	7423	1e-06
ZN317.H12CORE.1.P.B	23	0.457785135488368	788263	270612	50739	8972	1e-07
ZN320.H12CORE.0.P.B	23	0.667594324558602	493339	112762	16588	2416	1e-06
ZN320.H12CORE.1.P.B	11	0.656909090909091	394357	61087	3743	0	1e-06
ZN322.H12CORE.0.P.C	20	0.606662995594714	489182	113398	20337	4136	1e-06
ZN329.H12CORE.0.P.C	22	0.528975890289759	438715	82082	13243	3370	1e-06
ZN329.H12CORE.1.P.C	12	0.601376488095238	375311	60300	6134	1017	1e-06
ZN331.H12CORE.0.P.B	23	0.626265328874025	498497	100086	16281	3787	1e-06
ZN333.H12CORE.0.P.C	11	0.615363636363636	456089	61776	5914	0	1e-06
ZN335.H12CORE.0.P.B	23	0.622073578595318	432324	79821	9038	1106	1e-06
ZN335.H12CORE.1.P.D	7	0.603948896631824	345874	0	0	0	1e-05
ZN337.H12CORE.0.P.C	23	0.509460345204282	515860	74619	18824	12328	1e-06
ZN33B.H12CORE.0.P.C	30	0.396636085626911	671341	162500	24045	4049	1e-06
ZN341.H12CORE.0.P.B	10	0.6021	461135	62859	6551	0	1e-06
ZN341.H12CORE.1.P.B	21	0.638789781646924	582206	188123	32460	4864	1e-06
ZN343.H12CORE.0.PSM.A	15	0.582823129251701	295687	18527	1213	113	1e-05
ZN350.H12CORE.0.P.B	18	0.378333333333333	709008	137043	13866	1497	1e-06
ZN37A.H12CORE.0.P.B	23	0.509236797910058	527138	94176	11601	1954	1e-06
ZN382.H12CORE.0.P.B	23	0.467760869565218	450629	76213	20258	11523	1e-06
ZN383.H12CORE.0.P.C	23	0.619086956521739	726314	268292	61629	11333	1e-07
ZN384.H12CORE.0.PSM.A	17	0.261809954751131	810622	667523	528918	400492	1e-09
ZN394.H12CORE.0.P.C	19	0.632364493322859	638014	270413	40129	4731	1e-06
ZN407.H12CORE.0.P.B	25	0.64016016016016	268478	34646	3661	633	1e-05
ZN410.H12CORE.0.SM.B	15	0.369328069020984	402122	51507	5114	587	1e-06
ZN416.H12CORE.0.P.C	23	0.609810479375697	604139	110306	14850	3773	1e-06
ZN417.H12CORE.0.P.C	15	0.634308414590105	174306	15009	1294	166	1e-05
ZN418.H12CORE.0.P.B	18	0.47612958226769	660178	147904	17826	2201	1e-06
ZN423.H12CORE.0.P.C	14	0.732730380287708	400247	95255	14727	2250	1e-06
ZN425.H12CORE.0.P.C	9	0.694	412125	50499	0	0	1e-06
ZN429.H12CORE.0.P.C	23	0.584225475202097	688998	434629	198190	44225	1e-08
ZN430.H12CORE.0.P.C	23	0.538316126217828	385803	65677	17670	10013	1e-06
ZN431.H12CORE.0.P.C	15	0.60991452991453	442057	76350	10406	1291	1e-06
ZN432.H12CORE.0.P.C	23	0.383277591973244	620720	130138	15464	2051	1e-06
ZN433.H12CORE.0.P.C	23	0.453335645238198	364873	47091	5155	854	1e-06
ZN433.H12CORE.1.P.C	31	0.450063389209748	436238	64339	9139	2473	1e-06
ZN436.H12CORE.0.P.C	23	0.635334996436208	523569	154867	47208	20541	1e-07
ZN440.H12CORE.0.P.C	23	0.444130434782609	653844	130319	16208	2539	1e-06
ZN441.H12CORE.0.P.C	10	0.677935943060498	268879	27172	1819	0	1e-05
ZN441.H12CORE.1.P.C	31	0.617415780537932	669440	570938	550063	532270	1e-10
ZN443.H12CORE.0.P.C	23	0.476190476190476	454997	62214	6501	1168	1e-06
ZN444.H12CORE.0.S.C	18	0.739340803259604	631093	272067	63871	18525	1e-07
ZN449.H12CORE.0.P.B	10	0.6809	499527	72167	3786	0	1e-06
ZN449.H12CORE.1.S.C	15	0.649713996456593	450375	104010	10520	1163	1e-06
ZN454.H12CORE.0.P.B	23	0.534598897734231	496413	88847	17494	2335	1e-06
ZN454.H12CORE.1.SM.B	14	0.764264976002844	141754	21785	2156	298	1e-05
ZN460.H12CORE.0.S.C	13	0.733515833894174	282535	32457	2221	117	1e-05
ZN467.H12CORE.0.P.C	23	0.675008765778401	771474	498834	252019	107322	1e-08
ZN468.H12CORE.0.P.C	13	0.762846153846154	641957	184676	36588	4931	1e-06
ZN479.H12CORE.0.P.C	18	0.604839604839605	445370	82244	10507	1176	1e-06
ZN480.H12CORE.0.P.C	24	0.528449144008056	626845	147227	17592	2059	1e-06
ZN480.H12CORE.1.P.C	10	0.52135593220339	549972	84448	11475	0	1e-06
ZN483.H12CORE.0.P.C	18	0.608502415458937	505392	109134	15890	2257	1e-06
ZN484.H12CORE.0.P.C	23	0.462773890099805	752476	224425	31644	4406	1e-06
ZN485.H12CORE.0.P.C	23	0.546501235476579	567397	117929	15604	2073	1e-06
ZN490.H12CORE.0.P.C	23	0.467795181569151	531685	94339	21509	11829	1e-06
ZN492.H12CORE.0.P.C	20	0.401379310344827	814070	496090	113077	10481	1e-07
ZN502.H12CORE.0.P.C	21	0.556181093126906	472136	97543	15352	2066	1e-06
ZN506.H12CORE.0.P.C	23	0.611452589713459	622396	301719	104077	13950	1e-07
ZN510.H12CORE.0.P.C	23	0.274474053295933	783793	420299	134769	55726	1e-08
ZN510.H12CORE.1.P.C	11	0.495215311004785	572755	116775	24369	0	1e-06
ZN519.H12CORE.0.P.C	20	0.830847803881512	654515	416495	56932	13430	1e-07
ZN524.H12CORE.0.S.B	12	0.60025396432111	377732	17743	1110	84	1e-05
ZN527.H12CORE.0.P.C	18	0.541894353369763	463046	79405	11300	2305	1e-06
ZN528.H12CORE.0.P.B	20	0.525202429149798	514366	100015	14015	2325	1e-06
ZN529.H12CORE.0.P.B	31	0.496095565678163	652613	177789	35165	14591	1e-06
ZN530.H12CORE.0.P.B	17	0.668518518518519	574569	176682	31847	4549	1e-06
ZN534.H12CORE.0.P.C	18	0.688166666666667	466857	72808	8928	2380	1e-06
ZN534.H12CORE.1.P.C	31	0.645767644918748	380037	64359	9381	3071	1e-06
ZN540.H12CORE.0.P.C	23	0.47603121516165	705823	284747	117130	63288	1e-08
ZN543.H12CORE.0.P.C	21	0.742564102564103	605010	192183	47093	9624	1e-07
ZN547.H12CORE.0.P.B	22	0.510881731127969	383637	54992	6058	884	1e-06
ZN548.H12CORE.0.P.B	23	0.632980806893851	629776	171661	35082	10444	1e-06
ZN549.H12CORE.0.P.B	22	0.537878787878788	384168	57139	8713	1980	1e-06
ZN550.H12CORE.0.P.C	31	0.535166578529878	425484	64331	10643	4505	1e-06
ZN554.H12CORE.0.P.C	21	0.55894777265745	637282	169175	24142	2236	1e-06
ZN554.H12CORE.1.P.C	10	0.573990147783251	686314	99702	8789	0	1e-06
ZN557.H12CORE.0.P.C	25	0.5232	625594	106258	13687	2662	1e-06
ZN558.H12CORE.0.P.B	25	0.321232349165597	776768	356780	86713	16622	1e-07
ZN560.H12CORE.0.P.C	23	0.648444783456225	692446	567222	532348	522042	1e-10
ZN561.H12CORE.0.P.C	25	0.617643504531722	400643	74752	10350	1919	1e-06
ZN562.H12CORE.0.P.C	25	0.352465753424657	520120	93144	13988	3152	1e-06
ZN563.H12CORE.0.P.C	21	0.587735094037615	450254	77295	9939	1149	1e-06
ZN563.H12CORE.1.P.C	15	0.614703925482369	589703	140728	19020	2394	1e-06
ZN564.H12CORE.0.P.C	23	0.548058915827302	474487	100216	30595	19047	1e-06
ZN565.H12CORE.0.P.C	31	0.576252573781743	395634	62340	11387	4283	1e-06
ZN566.H12CORE.0.P.C	25	0.61125	693526	292563	41690	7558	1e-06
ZN567.H12CORE.0.P.C	30	0.397671324018629	808767	455378	95959	13491	1e-07
ZN570.H12CORE.0.P.C	19	0.269894736842105	789698	401094	126597	18779	1e-07
ZN573.H12CORE.0.P.C	24	0.539593698175788	490953	78629	10519	1508	1e-06
ZN574.H12CORE.0.P.B	13	0.594461538461538	419002	54428	6326	510	1e-06
ZN577.H12CORE.0.P.B	19	0.59812030075188	480398	79496	13774	753	1e-06
ZN578.H12CORE.0.P.C	24	0.557511737089202	383659	56402	7081	2666	1e-06
ZN580.H12CORE.0.SM.B	10	0.55056279950964	314788	50473	0	0	1e-06
ZN580.H12CORE.1.SM.B	17	0.533052628821761	391411	85693	14950	2263	1e-06
ZN582.H12CORE.0.P.C	11	0.529137529137529	531927	69909	6461	0	1e-06
ZN584.H12CORE.0.P.B	23	0.363171355498721	630296	150474	21961	2997	1e-06
ZN584.H12CORE.1.P.C	14	0.293851717902351	675397	194188	28918	3721	1e-06
ZN586.H12CORE.0.P.C	23	0.496114894360049	733896	215305	33120	6751	1e-06
ZN587.H12CORE.0.P.C	23	0.612445525489004	325215	45764	4010	529	1e-06
ZN595.H12CORE.0.P.C	23	0.380825774163278	557484	105459	13912	2607	1e-06
ZN605.H12CORE.0.P.C	23	0.449116577169583	532608	87299	12110	2988	1e-06
ZN610.H12CORE.0.P.B	14	0.736285714285714	285587	43488	6503	710	1e-06
ZN610.H12CORE.1.P.C	23	0.59842451146799	517007	117965	17369	3539	1e-06
ZN611.H12CORE.0.P.C	23	0.681906469445689	278419	51426	11597	6363	1e-06
ZN611.H12CORE.1.P.C	25	0.635235732009925	490302	103660	16947	6874	1e-06
ZN613.H12CORE.0.P.C	25	0.314820936639119	828040	760733	618887	463119	1e-10
ZN614.H12CORE.0.P.C	16	0.391843971631206	530069	82663	7635	794	1e-06
ZN615.H12CORE.0.P.C	20	0.365	629464	152571	18890	1758	1e-06
ZN616.H12CORE.0.P.C	25	0.560919540229885	576360	260026	93056	22856	1e-07
ZN621.H12CORE.0.P.C	19	0.537374564816711	583013	123342	16381	2179	1e-06
ZN623.H12CORE.0.P.C	31	0.617848134873225	456736	111241	35970	19323	1e-06
ZN626.H12CORE.0.P.C	21	0.497732426303855	434011	62209	5579	659	1e-06
ZN627.H12CORE.0.P.C	23	0.454723765936581	406999	52627	6647	2224	1e-06
ZN649.H12CORE.0.P.C	25	0.423753846153846	441830	70770	15196	9260	1e-06
ZN652.H12CORE.0.PS.A	11	0.367727272727273	405368	66752	6229	0	1e-06
ZN660.H12CORE.0.SM.B	17	0.475775869914753	412287	39596	3317	309	1e-05
ZN662.H12CORE.0.P.C	22	0.579575920058494	613653	117013	15314	2461	1e-06
ZN664.H12CORE.0.P.C	19	0.28121052631579	721075	264507	61052	16910	1e-07
ZN664.H12CORE.1.P.C	11	0.269068392907402	672420	139878	10461	0	1e-06
ZN667.H12CORE.0.P.C	20	0.523950484391819	488310	76763	8385	895	1e-06
ZN667.H12CORE.1.P.C	10	0.438557213930348	465717	64543	8276	0	1e-06
ZN669.H12CORE.0.P.B	23	0.574903142488162	239247	26230	3076	800	1e-05
ZN669.H12CORE.1.P.C	12	0.679372197309417	177228	15105	1270	22	1e-05
ZN671.H12CORE.0.P.C	23	0.517608695652174	689803	237178	50054	11230	1e-07
ZN674.H12CORE.0.P.C	17	0.685716459934556	325182	45281	5844	888	1e-06
ZN675.H12CORE.0.P.C	25	0.478164354322305	785043	361364	82017	15470	1e-07
ZN677.H12CORE.0.P.C	19	0.455938697318008	598039	93079	9754	953	1e-06
ZN680.H12CORE.0.P.B	21	0.466380070546737	677316	140198	17941	3835	1e-06
ZN681.H12CORE.0.P.C	21	0.558153696261113	797733	408091	95170	18938	1e-07
ZN682.H12CORE.0.P.B	23	0.65051031878063	392345	79368	11609	2259	1e-06
ZN682.H12CORE.1.P.B	11	0.705282248923147	421014	71883	12261	0	1e-06
ZN684.H12CORE.0.P.C	16	0.5825	446399	67109	6834	729	1e-06
ZN684.H12CORE.1.M.C	15	0.624711893889976	617270	221491	33683	4468	1e-06
ZN692.H12CORE.0.P.C	11	0.770588770588771	367336	74717	5290	0	1e-06
ZN701.H12CORE.0.P.B	19	0.594976076555024	579067	126457	14059	1149	1e-06
ZN701.H12CORE.1.P.B	11	0.610743801652892	476546	58495	4541	0	1e-06
ZN704.H12CORE.0.SM.B	16	0.736598652931854	198978	24797	2560	414	1e-05
ZN707.H12CORE.0.P.B	23	0.562649777473468	554876	92881	11627	1893	1e-06
ZN708.H12CORE.0.P.B	24	0.517735042735043	472015	71894	8288	1109	1e-06
ZN708.H12CORE.1.P.B	10	0.592614770459082	449424	47927	5208	0	1e-06
ZN711.H12CORE.0.P.C	13	0.677461538461538	460388	114220	18493	1249	1e-06
ZN713.H12CORE.0.SM.B	20	0.550929739173843	434449	68776	4596	378	1e-06
ZN714.H12CORE.0.P.C	18	0.605965313512483	475098	82639	11441	1657	1e-06
ZN716.H12CORE.0.P.C	25	0.395138339920949	776782	308048	35655	3670	1e-06
ZN716.H12CORE.1.P.C	11	0.409674234945706	666313	131048	12198	0	1e-06
ZN730.H12CORE.0.P.C	15	0.576229508196721	680164	483079	279285	12435	1e-07
ZN736.H12CORE.0.P.C	23	0.534737785746302	505382	87130	11572	2977	1e-06
ZN740.H12CORE.0.P.C	11	0.850818181818182	389311	83128	11803	0	1e-06
ZN740.H12CORE.1.S.C	20	0.73422131147541	537304	181312	45653	11837	1e-07
ZN749.H12CORE.0.P.C	25	0.595263157894737	733430	280062	53380	7484	1e-07
ZN749.H12CORE.1.P.C	9	0.676616915422886	432913	43031	0	0	1e-06
ZN75A.H12CORE.0.SM.B	15	0.515752250321475	590284	107378	12815	1252	1e-06
ZN75D.H12CORE.0.P.B	17	0.575248281130634	474896	62491	7672	1129	1e-06
ZN75D.H12CORE.1.P.B	25	0.450202702702703	548419	95110	12418	2325	1e-06
ZN765.H12CORE.0.P.C	23	0.650829224562976	453582	120073	24659	6019	1e-06
ZN766.H12CORE.0.P.B	23	0.402314165497896	723251	249314	60098	26201	1e-07
ZN766.H12CORE.1.P.B	11	0.395035344402433	514753	93776	9445	0	1e-06
ZN768.H12CORE.0.P.B	23	0.502835538752363	587077	194526	80668	43172	1e-08
ZN768.H12CORE.1.P.B	23	0.549950215731829	515641	167210	78656	45904	1e-08
ZN770.H12CORE.0.P.B	12	0.678774215096861	732481	583482	473252	26892	1e-07
ZN770.H12CORE.1.P.B	22	0.677829313543599	755679	637902	564837	529858	1e-10
ZN771.H12CORE.0.SM.B	13	0.481028872117981	238935	22427	1665	47	1e-05
ZN776.H12CORE.0.P.C	23	0.58543726865919	378730	61317	13316	6388	1e-06
ZN778.H12CORE.0.P.C	15	0.64228855721393	353399	35586	3376	257	1e-05
ZN778.H12CORE.1.P.B	31	0.572310828636527	466703	82092	18787	8634	1e-06
ZN782.H12CORE.0.P.C	23	0.555427584221135	408726	58056	7167	1038	1e-06
ZN784.H12CORE.0.SM.B	16	0.539438502673797	293476	35818	5846	1078	1e-05
ZN787.H12CORE.0.M.C	16	0.515886287625418	673213	200824	62863	17137	1e-07
ZN787.H12CORE.1.S.C	12	0.574687088274045	335146	38031	1473	0	1e-05
ZN789.H12CORE.0.P.C	20	0.551551094890511	664217	185674	22962	2852	1e-06
ZN790.H12CORE.0.P.C	23	0.496739130434783	587754	111435	13916	2159	1e-06
ZN790.H12CORE.1.P.C	10	0.569166666666667	503545	83492	16431	0	1e-06
ZN791.H12CORE.0.P.C	23	0.223222506393862	813254	651899	362804	109020	1e-08
ZN793.H12CORE.0.P.B	22	0.587729143284699	423125	77165	11778	1554	1e-06
ZN793.H12CORE.1.P.C	15	0.585177799933533	431536	69926	7913	816	1e-06
ZN799.H12CORE.0.P.C	31	0.471092077087794	649949	131069	14883	2366	1e-06
ZN805.H12CORE.0.P.C	25	0.585098039215686	499518	96253	22425	9378	1e-06
ZN816.H12CORE.0.P.B	24	0.560359116022099	579980	136840	22132	4281	1e-06
ZN816.H12CORE.1.P.C	16	0.5520625	535946	94592	10980	1120	1e-06
ZN821.H12CORE.0.SM.B	17	0.546429521080155	384380	74914	14935	5217	1e-06
ZN823.H12CORE.0.P.C	23	0.47784101511476	811518	459207	168083	57087	1e-08
ZN860.H12CORE.0.P.C	17	0.63235294117647	633663	148435	24521	3989	1e-06
ZN875.H12CORE.0.P.C	25	0.499602649006623	705411	110693	10844	1817	1e-06
ZN879.H12CORE.0.P.C	31	0.309482898362782	801168	551024	168188	39760	1e-07
ZN880.H12CORE.0.P.C	23	0.597734746072342	738168	330499	85017	11490	1e-07
ZN891.H12CORE.0.P.C	15	0.622727272727273	394744	68158	9319	905	1e-06
ZNF10.H12CORE.0.P.C	23	0.504964812493975	571266	124836	37087	23490	1e-06
ZNF12.H12CORE.0.P.C	24	0.502716482781678	546727	113850	32138	13551	1e-06
ZNF12.H12CORE.1.M.C	21	0.524047951737751	232159	20844	2136	257	1e-05
ZNF12.H12CORE.2.S.C	18	0.417631694519566	495232	68080	6838	773	1e-06
ZNF16.H12CORE.0.P.C	23	0.607510371208448	589710	137578	25057	6576	1e-06
ZNF18.H12CORE.0.P.B	9	0.514444444444444	577583	57419	0	0	1e-06
ZNF2.H12CORE.0.P.B	10	0.74792899408284	389285	58965	3229	0	1e-06
ZNF23.H12CORE.0.P.C	24	0.447222222222222	549304	72520	8402	2286	1e-06
ZNF24.H12CORE.0.P.B	14	0.314788226848528	604343	178962	58616	24122	1e-07
ZNF26.H12CORE.0.P.B	23	0.341793218223424	674378	186970	35998	5217	1e-06
ZNF26.H12CORE.1.P.B	14	0.420436706150992	520023	97630	13963	1884	1e-06
ZNF28.H12CORE.0.P.C	18	0.694832557108006	514097	107784	17276	2288	1e-06
ZNF3.H12CORE.0.P.B	23	0.403959143089578	612090	199275	72326	27554	1e-07
ZNF30.H12CORE.0.P.C	23	0.546347826086956	556197	98040	10947	1891	1e-06
ZNF32.H12CORE.0.SM.B	15	0.462147205312673	211651	17050	1307	105	1e-05
ZNF34.H12CORE.0.P.C	20	0.47734375	628821	127818	16358	2102	1e-06
ZNF35.H12CORE.0.P.C	23	0.336150561993552	820310	646360	320488	50362	1e-08
ZNF35.H12CORE.1.P.C	10	0.3178	667487	76838	8828	0	1e-06
ZNF41.H12CORE.0.P.C	25	0.486868131868132	726313	191998	22654	2666	1e-06
ZNF41.H12CORE.1.P.C	15	0.486491739552964	621848	112777	12745	1587	1e-06
ZNF44.H12CORE.0.P.C	21	0.549266848163538	462158	77250	10492	1593	1e-06
ZNF7.H12CORE.0.P.B	23	0.473217391304348	625593	136860	26586	8730	1e-06
ZNF74.H12CORE.0.P.C	22	0.373307543520309	634664	150797	28611	7547	1e-06
ZNF76.H12CORE.0.P.B	23	0.593985941161156	670855	149566	23760	5943	1e-06
ZNF76.H12CORE.1.SM.B	19	0.517958037203128	414203	54953	6066	742	1e-06
ZNF77.H12CORE.0.P.C	23	0.501722372218602	691791	182176	22886	2533	1e-06
ZNF79.H12CORE.0.P.C	21	0.305210918114144	796118	362107	58896	7816	1e-07
ZNF8.H12CORE.0.P.C	21	0.600840336134454	128795	8819	570	50	1e-05
ZNF8.H12CORE.1.P.B	22	0.393285371702638	439150	124477	68515	50288	1e-08
ZNF81.H12CORE.0.P.C	19	0.403202663146416	525907	118720	43597	12826	1e-07
ZNF85.H12CORE.0.P.B	13	0.401093401093401	496409	78332	8477	834	1e-06
ZNF85.H12CORE.1.P.B	20	0.408285984848485	618287	133427	16239	2078	1e-06
ZNF90.H12CORE.0.P.C	23	0.455125648185082	476664	72929	9352	2692	1e-06
ZSA5A.H12CORE.0.SM.B	19	0.546535257061573	504524	108605	33161	18058	1e-06
ZSA5C.H12CORE.0.P.C	17	0.423764705882353	552596	110771	23449	9930	1e-06
ZSC16.H12CORE.0.PSM.A	19	0.438046718467478	392642	53817	6299	769	1e-06
ZSC21.H12CORE.0.P.C	11	0.529818181818182	680587	442762	12354	0	1e-06
ZSC22.H12CORE.0.P.C	17	0.67655926692285	722122	216299	28679	4568	1e-06
ZSC23.H12CORE.0.M.C	18	0.393211920529801	335228	44125	4928	553	1e-06
ZSC29.H12CORE.0.P.B	12	0.607456140350877	141587	12242	876	0	1e-05
ZSC29.H12CORE.1.M.C	20	0.443376623376623	228005	24231	1432	105	1e-05
ZSC31.H12CORE.0.P.C	17	0.60242214532872	529397	94135	13861	1284	1e-06
ZSC31.H12CORE.1.SM.B	20	0.56050762756444	524161	82599	8192	768	1e-06
ZSCA1.H12CORE.0.SM.B	18	0.517457807700591	527918	151604	11592	974	1e-06
ZSCA4.H12CORE.0.SM.B	17	0.512483120666373	466498	75582	7732	757	1e-06
ZN362.H12CORE.0.P.C	NA	NA	NA	NA	NA	NA	1e-08
