TF-Motif	ES	NES	p-value
HO_CPEB1_HUMAN.H10MO.D.bed	0.161351904545	-850.654851494	0.0
HO_P53_HUMAN.H10MO.B.bed	0.182143716966	-66.6032111893	3.33133187702e-10
HO_P63_HUMAN.H10MO.A.bed	0.187086069002	-470.981897585	3.14047572281e-07
HO_P73_HUMAN.H10MO.A.bed	0.0997522216894	-150.29964763	1.35672436752e-06
HO_ZBED1_HUMAN.H10MO.D.bed	-0.115397355153	-219.161246346	5.32892103061e-06
HO_SCRT2_HUMAN.H10MO.D.bed	-0.119001410481	-9918.65729933	1.21666012932e-05
HO_SOX18_HUMAN.H10MO.D.bed	-0.0870442103498	223.663129851	1.39095583831e-05
HO_EVX2_HUMAN.H10MO.A.bed	-0.0597626367829	964.379962514	4.61704983152e-05
HO_CDX2_HUMAN.H10MO.C.bed	-0.0476662985096	379.657420871	9.636607538e-05
HO_BRCA1_HUMAN.H10MO.D.bed	-0.0659051114083	-65.4736995633	0.00014590657863
HO_PO2F1_HUMAN.H10MO.B.bed	-0.0597215513089	74.3939945493	0.000217533410939
HO_HXD11_HUMAN.H10MO.D.bed	-0.0446616853226	-88.7720560541	0.000377213949526
HO_SP4_HUMAN.H10MO.D.bed	0.0472943709096	-606.435028889	0.000492950410948
HO_TCF7_HUMAN.H10MO.C.bed	-0.0761915326215	31.0140976809	0.000512352374045
HO_SP2_HUMAN.H10MO.C.bed	0.0441144970522	-502.522365681	0.000635714773306
HO_SOX13_HUMAN.H10MO.D.bed	-0.0581590437059	-212.201723415	0.000788031028982
HO_TFDP1_HUMAN.H10MO.D.bed	0.0441729004034	-121.675539644	0.00103959957768
HO_SP3_HUMAN.H10MO.B.bed	0.0372188205814	-24.6846820461	0.00189118300358
HO_E2F6_HUMAN.H10MO.C.bed	0.0612866323505	-221.269868831	0.00197338431564
HO_RAX2_HUMAN.H10MO.D.bed	-0.0561226525278	-102.40984091	0.00197486019146
HO_ZEB1_HUMAN.H10MO.B.bed	0.0466329263804	-247.362673173	0.00198859520187
HO_MECP2_HUMAN.H10MO.C.bed	0.0457901308765	89.9149405823	0.00220665457658
HO_PAX5_HUMAN.H10MO.S.bed	0.0355169283146	-316.363860105	0.00283516768001
HO_HXD9_HUMAN.H10MO.D.bed	-0.0402237146145	-107.537434458	0.00327907962789
HO_ARI3A_HUMAN.H10MO.S.bed	-0.0352953291787	228.282432943	0.00344330241958
HO_PROX1_HUMAN.H10MO.D.bed	0.0556279055159	-1108.60829002	0.00351933151744
HO_FOXA3_HUMAN.H10MO.C.bed	-0.0360257669598	-3193.72492124	0.00354773511784
HO_WT1_HUMAN.H10MO.D.bed	0.049088450055	31.2823749367	0.00382778096064
HO_ZN639_HUMAN.H10MO.D.bed	0.074996010965	-156.632983248	0.00451174294865
HO_FOXP3_HUMAN.H10MO.D.bed	-0.0446182856636	-356.773399253	0.00507660727651
HO_SOX10_HUMAN.H10MO.D.bed	-0.0308946344817	-119.625566082	0.00509193179883
HO_PITX2_HUMAN.H10MO.D.bed	0.0310151866855	-1379.78654473	0.00517335523214
HO_HES7_HUMAN.H10MO.D.bed	0.0819502135282	150.833869371	0.00662788055789
HO_SOX15_HUMAN.H10MO.D.bed	-0.0309822866978	520.820120704	0.00674688974592
HO_HES5_HUMAN.H10MO.D.bed	0.0765362322266	-47.3762654909	0.00684297395319
HO_THA_HUMAN.H10MO.C.bed	0.0336459849834	1667.31026816	0.00700906815454
HO_KLF6_HUMAN.H10MO.D.bed	0.0387163818935	-85.930563709	0.00718188666689
HO_PAX5_HUMAN.H10MO.A.bed	0.0372162042823	-48.9523733235	0.00727533613111
HO_RARB_HUMAN.H10MO.D.bed	0.029279124578	-68.6283867019	0.00752695818466
HO_EGR1_HUMAN.H10MO.A.bed	0.0346737275467	-203.298721079	0.00763950776908
HO_AIRE_HUMAN.H10MO.C.bed	-0.0568511090357	156.873841562	0.00767907863345
HO_EGR4_HUMAN.H10MO.D.bed	0.0449805972829	-71.6728252893	0.00818121345566
HO_GATA6_HUMAN.H10MO.S.bed	-0.0367762923144	268.366648271	0.00904820663938
HO_HXC10_HUMAN.H10MO.D.bed	-0.0280814873119	-27.812756984	0.00908932601941
HO_ISL1_HUMAN.H10MO.D.bed	-0.0354562232573	55.581175819	0.00910116814896
HO_GATA6_HUMAN.H10MO.B.bed	-0.0549467795698	74.8825146368	0.00920147807339
HO_TBX1_HUMAN.H10MO.D.bed	0.0436727627953	-88.4557634228	0.00927064845304
HO_MAZ_HUMAN.H10MO.A.bed	0.0319153327507	125.401901243	0.00944776185724
HO_THA_HUMAN.H10MO.S.bed	0.0330547204612	550.598305849	0.00976103523057
HO_ETV1_HUMAN.H10MO.B.bed	0.0489396967544	-109.552919671	0.0101604143589
HO_GATA1_HUMAN.H10MO.A.bed	-0.0686587468229	-146.099538171	0.0105800790208
HO_AP2B_HUMAN.H10MO.B.bed	0.0517174036706	39.8863487674	0.0107121909096
HO_ONEC2_HUMAN.H10MO.D.bed	-0.0312513092604	278.089376211	0.0109339412222
HO_RXRB_HUMAN.H10MO.C.bed	0.0305556936247	-58.4485637232	0.0109675125965
HO_NRF1_HUMAN.H10MO.A.bed	0.0663591930902	-111.980826819	0.012244621321
HO_EGR2_HUMAN.H10MO.C.bed	0.0478514926155	135.189100028	0.0131737461845
HO_SNAI1_HUMAN.H10MO.C.bed	0.0402880523539	57.1988488631	0.0132277288183
HO_THAP1_HUMAN.H10MO.D.bed	0.0514455258396	-82.8958542645	0.0136062585175
HO_ID4_HUMAN.H10MO.D.bed	0.0326026389435	51.4807336906	0.0142615018034
HO_EGR1_HUMAN.H10MO.S.bed	0.0616573816951	-124.766878295	0.0146106247866
HO_NF2L1_HUMAN.H10MO.C.bed	-0.0265342191304	208.794937942	0.0156967121036
HO_PLAG1_HUMAN.H10MO.S.bed	0.0715706353971	-85.8325877347	0.015969782714
HO_PRRX2_HUMAN.H10MO.C.bed	-0.0272451202886	41.6866900605	0.015986524422
HO_ZFX_HUMAN.H10MO.C.bed	0.0422897298044	52.205712612	0.0172842644283
HO_KLF15_HUMAN.H10MO.D.bed	0.0318053649979	52.5934670363	0.0176375690737
HO_HNF6_HUMAN.H10MO.C.bed	-0.0418277982403	288.007691428	0.0178998985045
HO_RREB1_HUMAN.H10MO.D.bed	0.0429308406597	55.0049511038	0.0179840486369
HO_IKZF1_HUMAN.H10MO.C.bed	0.0272090783092	-76.9295174741	0.0180232308446
HO_RARG_HUMAN.H10MO.S.bed	0.0259017861014	-236.828807373	0.0187049311343
HO_RARA_HUMAN.H10MO.S.bed	0.0259017861014	-140.191705175	0.0192074371494
HO_SNAI2_HUMAN.H10MO.C.bed	0.0270355632148	-158.861199118	0.0194482090255
HO_PAX2_HUMAN.H10MO.D.bed	0.107795176267	-188.920530479	0.0200404414651
HO_NKX21_HUMAN.H10MO.D.bed	-0.0627683538804	-77.6539292187	0.0207539943419
HO_FOXD3_HUMAN.H10MO.D.bed	-0.0263583788958	-85.2216916177	0.0227133758179
HO_GATA1_HUMAN.H10MO.S.bed	-0.040544631054	140.181738134	0.0235410502242
HO_MYF6_HUMAN.H10MO.C.bed	0.0249107516148	91.8840288112	0.0246466425132
HO_HTF4_HUMAN.H10MO.B.bed	0.0314924787581	-239.341730656	0.0254259703417
HO_KLF16_HUMAN.H10MO.D.bed	0.0257258218154	123.605918555	0.0268043313371
HO_GATA2_HUMAN.H10MO.A.bed	-0.050582360467	74.4110608398	0.0274654919733
HO_REST_HUMAN.H10MO.A.bed	-0.0820243442105	-100.535291891	0.0280199764341
HO_PAX2_HUMAN.H10MO.S.bed	0.0284746148662	-51.7965410572	0.0280390318724
HO_TBX5_HUMAN.H10MO.D.bed	0.0283867595085	4078.91711821	0.0287304509903
HO_ZN219_HUMAN.H10MO.D.bed	0.0347945799836	-123.94009863	0.0289165697732
HO_ESX1_HUMAN.H10MO.D.bed	0.0409352185141	-27.3026514038	0.0294248907118
HO_EVI1_HUMAN.H10MO.B.bed	-0.0688141313085	323.798622623	0.0300771210344
HO_FOXJ3_HUMAN.H10MO.S.bed	0.0275975494383	49.845502685	0.0304540318669
HO_TWST1_HUMAN.H10MO.D.bed	0.0465443289502	-64.4912550106	0.0306128445069
HO_FOXF1_HUMAN.H10MO.D.bed	-0.0267121895343	43.0557767179	0.0338908689918
HO_NR1I2_HUMAN.H10MO.S.bed	-0.02931249762	-61.6306109455	0.033958879485
HO_NR1I3_HUMAN.H10MO.S.bed	-0.0260334455793	170.236636156	0.034242125625
HO_FOXM1_HUMAN.H10MO.D.bed	-0.0240369040672	145.632088464	0.0363095480351
HO_CREM_HUMAN.H10MO.C.bed	0.0816775483086	-67.6136767879	0.0366065100691
HO_FOXO3_HUMAN.H10MO.B.bed	-0.0295429990901	330.678229886	0.0367524204007
HO_NFYC_HUMAN.H10MO.B.bed	0.0537900404068	97.1155119125	0.0380899131211
HO_SRBP2_HUMAN.H10MO.B.bed	0.0346611116846	-49.0991272961	0.0381671306325
HO_MAFG_HUMAN.H10MO.S.bed	-0.0247870344692	-74.3996794559	0.0383162023995
HO_ZBT7B_HUMAN.H10MO.D.bed	0.076071117721	36.6754607478	0.038876803322
HO_TBX15_HUMAN.H10MO.D.bed	0.023069611576	-26.2373856771	0.0402260637343
HO_MITF_HUMAN.H10MO.C.bed	-0.0472710972788	-83.9627630109	0.0414618306742
HO_KLF13_HUMAN.H10MO.D.bed	0.03037856297	-35.5173145626	0.0417235403911
HO_MYBA_HUMAN.H10MO.D.bed	0.201325423607	-181.992981389	0.0424499902436
HO_TGIF1_HUMAN.H10MO.S.bed	0.0243142999523	41.5113702284	0.0430518771187
HO_TAL1_HUMAN.H10MO.A.bed	-0.0526818536868	-195.569679536	0.0438476597101
HO_BPTF_HUMAN.H10MO.D.bed	-0.0227144943532	-32.8048981467	0.0450532008025
HO_GLI1_HUMAN.H10MO.C.bed	-0.0719088909646	33.4660584243	0.0456380752982
HO_HXD12_HUMAN.H10MO.D.bed	-0.0241917024907	141.754825376	0.0459695922524
HO_NFIL3_HUMAN.H10MO.C.bed	-0.0660146110126	53.9052673927	0.0465861677907
HO_JUNB_HUMAN.H10MO.C.bed	0.034696382664	75.3420091394	0.0466799769321
HO_ETV2_HUMAN.H10MO.D.bed	-0.0226917875562	33.8069954657	0.0466994884315
HO_HESX1_HUMAN.H10MO.D.bed	0.0782884444883	239.329125607	0.0475158393544
HO_TBX2_HUMAN.H10MO.D.bed	0.0276494219953	-67.2092828388	0.0476830925328
HO_KAISO_HUMAN.H10MO.A.bed	0.0928341394225	-428.276696332	0.0479069638879
HO_ATF2_HUMAN.H10MO.B.bed	0.0788263034032	-743.892467317	0.0480572026645
HO_ELF2_HUMAN.H10MO.C.bed	0.035832760218	31.9012282172	0.0484049962975
HO_BHE22_HUMAN.H10MO.D.bed	-0.0552649960575	29.6335530619	0.0487265330415
HO_RUNX1_HUMAN.H10MO.A.bed	-0.0355422871403	1164.97680319	0.051165544506
HO_FOXC2_HUMAN.H10MO.D.bed	-0.0357319680137	-100.119539034	0.0517047040927
HO_TBX21_HUMAN.H10MO.D.bed	0.0666194979335	-71.9431988841	0.0524300103705
HO_CREB1_HUMAN.H10MO.A.bed	0.0803928691216	-89.8396213731	0.0536047186902
HO_HBP1_HUMAN.H10MO.D.bed	-0.0443590776825	42.3462667081	0.0552510303047
HO_STAT6_HUMAN.H10MO.C.bed	-0.0433908680733	-201.917417506	0.0552842533587
HO_DLX2_HUMAN.H10MO.D.bed	-0.0237117771402	-220.201632556	0.0565132892838
HO_PEBB_HUMAN.H10MO.C.bed	-0.0382018786241	27.3604399901	0.0568348758423
HO_RFX5_HUMAN.H10MO.A.bed	0.0415614048356	-35.2285437879	0.0573119028836
HO_FOXO1_HUMAN.H10MO.C.bed	-0.0191487838443	-167.535295526	0.0584197380571
HO_MBD2_HUMAN.H10MO.B.bed	0.0474896843909	177.582661854	0.0584589514056
HO_GABPA_HUMAN.H10MO.A.bed	0.0506101624311	-42.1986572733	0.0587798779563
HO_HXB1_HUMAN.H10MO.D.bed	0.0578827704247	-47.9330123218	0.0588878531184
HO_SP1_HUMAN.H10MO.S.bed	0.0237149040688	27.0257943132	0.0589836953193
HO_RARA_HUMAN.H10MO.C.bed	0.068058058361	109.426630972	0.0594254363909
HO_GSC2_HUMAN.H10MO.D.bed	-0.0712027397843	-29.1328411736	0.05977552239
HO_GATA5_HUMAN.H10MO.D.bed	-0.0385161291248	82.4325559181	0.0598437519909
HO_THB_HUMAN.H10MO.C.bed	0.0247235921214	233.265752804	0.0604750887641
HO_ZN350_HUMAN.H10MO.C.bed	0.0682002308696	-65.5996696029	0.0605415318532
HO_ETV7_HUMAN.H10MO.D.bed	0.0553040167247	125.002080468	0.0607096659546
HO_TFDP1_HUMAN.H10MO.S.bed	0.0921192977903	-32.6160432428	0.0611131961262
HO_SMRC1_HUMAN.H10MO.D.bed	0.0313437856114	126.500849289	0.0612145812411
HO_CXXC1_HUMAN.H10MO.D.bed	0.0283121290423	-61.0207265726	0.0617261386886
HO_ZBT7A_HUMAN.H10MO.D.bed	-0.0406660413901	801.982988978	0.0619603051899
HO_ETS2_HUMAN.H10MO.C.bed	0.0374586454533	-290.617123177	0.0627791242536
HO_RFX2_HUMAN.H10MO.C.bed	0.061984535404	-44.1231256473	0.0628450446594
HO_SRF_HUMAN.H10MO.A.bed	0.0270616273894	74.0964159502	0.0650124343221
HO_SRY_HUMAN.H10MO.B.bed	0.0190769768023	-51.3135514697	0.0653084058177
HO_HMGA1_HUMAN.H10MO.D.bed	0.0204673168666	-18.9338042014	0.0658478258536
HO_INSM1_HUMAN.H10MO.C.bed	0.0692702141354	-73.4185547317	0.0659041126505
HO_GCR_HUMAN.H10MO.S.bed	-0.0178775246946	-27.0446368736	0.0661776931494
HO_SOX7_HUMAN.H10MO.D.bed	0.0951240433038	-88.695731216	0.0672937690276
HO_ZBTB4_HUMAN.H10MO.D.bed	0.072959551197	-110.358036258	0.0685000192912
HO_SP1_HUMAN.H10MO.C.bed	0.0204316663791	63.1606000526	0.0688538273389
HO_PPARG_HUMAN.H10MO.A.bed	-0.0417547319754	292.601081721	0.0692092229914
HO_ATF6A_HUMAN.H10MO.B.bed	0.0925121130369	-36.2522665427	0.0694631153211
HO_GATA3_HUMAN.H10MO.C.bed	-0.0282062699157	235.474399321	0.0695965939259
HO_OLIG1_HUMAN.H10MO.D.bed	-0.064609619407	244.797523625	0.0703803516676
HO_GLI3_HUMAN.H10MO.B.bed	-0.0489098378859	-81.8258359392	0.0715291235273
HO_E2F1_HUMAN.H10MO.A.bed	0.061714401578	-94.2846113993	0.0734653668463
HO_PITX3_HUMAN.H10MO.D.bed	-0.0497185894993	-138.676274923	0.0735229030872
HO_NFIA_HUMAN.H10MO.C.bed	-0.0568794296653	-1529.52681377	0.0735614438245
HO_TGIF1_HUMAN.H10MO.D.bed	-0.0462659044728	77.4497209808	0.0736382533046
HO_BSH_HUMAN.H10MO.D.bed	-0.0353577163033	-30.8127819047	0.0743758175685
HO_IRF5_HUMAN.H10MO.D.bed	-0.020788193559	-21.1294804833	0.0748459900673
HO_IRF1_HUMAN.H10MO.A.bed	-0.0316276439661	-672.658414771	0.0750828773791
HO_ATF1_HUMAN.H10MO.B.bed	0.0624512460135	-59.0582640062	0.075545613163
HO_KLF4_HUMAN.H10MO.A.bed	0.0216543924506	33.2523680915	0.0760251895555
HO_ZN148_HUMAN.H10MO.D.bed	0.0193422085698	-38.0855086271	0.0765333763657
HO_GLIS1_HUMAN.H10MO.D.bed	-0.113128992301	96.0543064411	0.0770044762113
HO_FOXF2_HUMAN.H10MO.D.bed	-0.0336841435717	105.087783241	0.0773850142055
HO_HXD4_HUMAN.H10MO.D.bed	-0.0216975282619	436.05392472	0.0774821127006
HO_PRGR_HUMAN.H10MO.S.bed	-0.0178775246946	63.9520243054	0.0775267601712
HO_JUN_HUMAN.H10MO.A.bed	-0.0333898712397	-62.0930432401	0.0781884895078
HO_NKX25_HUMAN.H10MO.C.bed	0.0169422047644	-30.6365952077	0.0783446137876
HO_PRRX1_HUMAN.H10MO.D.bed	-0.0179937651869	214.30444444	0.0786293608137
HO_LHX2_HUMAN.H10MO.D.bed	-0.0398426285896	126.076429485	0.0791135805258
HO_ETV4_HUMAN.H10MO.B.bed	0.0241033465871	-59.8441688794	0.0791475282319
HO_ONEC3_HUMAN.H10MO.D.bed	-0.0251723439098	-381.479049768	0.0791628988122
HO_NKX61_HUMAN.H10MO.D.bed	0.0275514293097	804.982981863	0.0795259544826
HO_VSX2_HUMAN.H10MO.D.bed	0.0452403025463	-42.1342447354	0.0798104379199
HO_PPARA_HUMAN.H10MO.C.bed	-0.0453852337073	-54.5925728245	0.0808773912537
HO_RORG_HUMAN.H10MO.C.bed	0.053379453596	487.243341891	0.0811273001274
HO_TLX1_HUMAN.H10MO.D.bed	0.0373667782111	-38.7063214937	0.0812869185831
HO_NFYA_HUMAN.H10MO.A.bed	0.0351647111058	170.487814515	0.0814548556537
HO_AP2D_HUMAN.H10MO.D.bed	0.0326914243468	-76.2628249656	0.0823652709546
HO_NFYB_HUMAN.H10MO.A.bed	0.0353643457651	121852.336552	0.0823829904123
HO_FOSB_HUMAN.H10MO.C.bed	0.0299837068874	-50.1857954546	0.0831766035245
HO_SPI1_HUMAN.H10MO.A.bed	-0.0332498591797	37.9024030338	0.0831934171059
HO_NR0B1_HUMAN.H10MO.D.bed	0.0344958247429	50.4109285644	0.0834352070931
HO_IRF4_HUMAN.H10MO.C.bed	0.0213630795322	-23.7520510073	0.0837215471268
HO_PO6F2_HUMAN.H10MO.D.bed	0.0371225487737	-67.8616577907	0.0844510786762
HO_ISL2_HUMAN.H10MO.D.bed	0.0334390463441	328.149528114	0.0850064085089
HO_PO4F1_HUMAN.H10MO.D.bed	-0.03626152072	-18.2319266378	0.0850360919846
HO_NFAC4_HUMAN.H10MO.C.bed	-0.0249610553974	-177.529614715	0.0852331587243
HO_NKX23_HUMAN.H10MO.D.bed	-0.0419351433595	72.8118875578	0.0857142389351
HO_ZN423_HUMAN.H10MO.D.bed	0.109433375177	55.7243546754	0.0870253266963
HO_TEF_HUMAN.H10MO.D.bed	-0.0376129137104	-118.447670844	0.0877064287957
HO_NR1H2_HUMAN.H10MO.D.bed	0.0855041320601	-66.883365885	0.0878772440434
HO_RUNX3_HUMAN.H10MO.C.bed	-0.0273270538178	-29.3431505543	0.0880713772885
HO_NFAC1_HUMAN.H10MO.S.bed	0.0492892012337	47.6644440573	0.090322806621
HO_SUH_HUMAN.H10MO.C.bed	-0.0301985562586	405.464890054	0.0905164832275
HO_KLF14_HUMAN.H10MO.D.bed	0.034338786736	-25.2259561821	0.091600703598
HO_FLI1_HUMAN.H10MO.A.bed	0.0353101426838	70.2093100853	0.0921815644028
HO_E4F1_HUMAN.H10MO.D.bed	0.100436933314	-128.6017213	0.0923709035678
HO_ATF3_HUMAN.H10MO.A.bed	0.0535943438538	-49.5037585363	0.0929583394824
HO_PAX6_HUMAN.H10MO.D.bed	-0.0909610439797	-22.8432998078	0.0929976952454
HO_SOX9_HUMAN.H10MO.B.bed	-0.0394997979453	316.633496719	0.0956482713504
HO_ESR1_HUMAN.H10MO.S.bed	0.0546012957605	-36.6457591405	0.0957537662906
HO_NR4A1_HUMAN.H10MO.C.bed	0.0307343996536	-36.5666617183	0.096332805365
HO_HXB3_HUMAN.H10MO.D.bed	0.026449848798	-29.3596571762	0.0966554278178
HO_HEY1_HUMAN.H10MO.D.bed	0.0490414943448	395.005507239	0.0975900396999
HO_SHOX_HUMAN.H10MO.D.bed	0.0237570365568	-21.9066098949	0.0986030470617
HO_ZN713_HUMAN.H10MO.D.bed	0.0193335643166	-122.548619336	0.0991434327076
HO_AHR_HUMAN.H10MO.B.bed	-0.0630584158791	-21.4229560177	0.0995002165617
HO_SCRT1_HUMAN.H10MO.D.bed	-0.065554406474	-542.721761644	0.0995197626923
HO_HEY2_HUMAN.H10MO.D.bed	0.0399294589569	87.7055938762	0.0996030957692
HO_SPDEF_HUMAN.H10MO.D.bed	-0.0416508326474	124764.191584	0.0998243387413
HO_FOXK1_HUMAN.H10MO.D.bed	0.0550245824626	81.5548023923	0.0998693623696
HO_NR1I3_HUMAN.H10MO.C.bed	0.0506995461011	232.993740149	0.100208530407
HO_ETV5_HUMAN.H10MO.D.bed	-0.0352884211244	-33.206208819	0.100225798178
HO_IRX2_HUMAN.H10MO.D.bed	0.039747840655	196.306569422	0.100373425784
HO_P73_HUMAN.H10MO.S.bed	0.0335060824799	-86.147644584	0.10112482496
HO_NFIA_HUMAN.H10MO.S.bed	0.0170257720353	139.626477682	0.101974173265
HO_HSFY1_HUMAN.H10MO.D.bed	0.126172991203	-58.7570628929	0.102253979946
HO_USF1_HUMAN.H10MO.A.bed	0.0582874727375	73.3449114222	0.103072731874
HO_TFEB_HUMAN.H10MO.C.bed	0.0497143638945	-45.0142807668	0.103496066258
HO_OLIG2_HUMAN.H10MO.D.bed	-0.0445119135305	-54.7117289815	0.103672620481
HO_NFAC2_HUMAN.H10MO.B.bed	-0.0209603673623	-1574.98575878	0.103699935533
HO_TEAD4_HUMAN.H10MO.A.bed	0.0261838957725	-27.6061558686	0.103793077047
HO_SHOX2_HUMAN.H10MO.D.bed	0.0245512769044	-24.9676526113	0.103858043235
HO_TEAD3_HUMAN.H10MO.D.bed	-0.0287662177286	-168.299916361	0.104847390304
HO_RXRG_HUMAN.H10MO.B.bed	0.0666474583667	270.767938113	0.105294664049
HO_MEOX2_HUMAN.H10MO.D.bed	-0.0248733517103	-71.2485415661	0.105418599671
HO_TYY2_HUMAN.H10MO.D.bed	0.0469604599666	-90.2756936727	0.106714388555
HO_ZIC1_HUMAN.H10MO.B.bed	0.0232962377167	-249.975766014	0.106997940717
HO_FOXD1_HUMAN.H10MO.D.bed	-0.0344950259784	-60.1591749511	0.107611779855
HO_PBX3_HUMAN.H10MO.B.bed	-0.0283821188477	-62.7413026915	0.108095945946
HO_FUBP1_HUMAN.H10MO.D.bed	-0.0167721152507	38.925847311	0.108363795361
HO_NFAC1_HUMAN.H10MO.A.bed	-0.0254655025408	94.370031234	0.108381836656
HO_HXA5_HUMAN.H10MO.D.bed	0.0356866462983	-41.9299687815	0.108402183294
HO_PIT1_HUMAN.H10MO.C.bed	-0.0270006270328	28.8855462455	0.10868710781
HO_NR5A2_HUMAN.H10MO.C.bed	-0.0238748645988	56.2293037348	0.108915148214
HO_PO3F3_HUMAN.H10MO.D.bed	-0.0166123026268	435.023620787	0.109178902563
HO_NR4A2_HUMAN.H10MO.C.bed	-0.0331216397687	-47.6147454824	0.109954627937
HO_MCR_HUMAN.H10MO.D.bed	-0.0336967843519	-31.3355933377	0.110476398813
HO_HXC8_HUMAN.H10MO.D.bed	-0.0425318832693	-86.2777721577	0.110637725886
HO_ZN652_HUMAN.H10MO.D.bed	-0.0477008680336	27.7656639608	0.111737734328
HO_PBX2_HUMAN.H10MO.C.bed	-0.0345679724972	-645.704414466	0.111896184845
HO_HNF4G_HUMAN.H10MO.C.bed	0.0396867797462	-25.0027696072	0.112001138096
HO_PDX1_HUMAN.H10MO.C.bed	0.0438219765763	-26.7014538213	0.112101209228
HO_PPARD_HUMAN.H10MO.D.bed	-0.0459308761524	-298.898181412	0.112428574567
HO_FOXB1_HUMAN.H10MO.D.bed	-0.038239473848	182.385735851	0.112768401915
HO_HXA7_HUMAN.H10MO.D.bed	0.0553266495545	-678.405393267	0.113805258488
HO_PO4F2_HUMAN.H10MO.D.bed	0.038043523139	-41.800735789	0.113843262194
HO_HIC2_HUMAN.H10MO.D.bed	0.0308595254442	-18.4997089036	0.113926421021
HO_PRDM4_HUMAN.H10MO.D.bed	0.08645273583	-16.2096911737	0.114133313904
HO_NANOG_HUMAN.H10MO.A.bed	-0.0303594978909	-46.3025838894	0.11439924713
HO_HXB7_HUMAN.H10MO.C.bed	0.0326227459311	-60.0195252876	0.114425351253
HO_PURA_HUMAN.H10MO.D.bed	0.0176325840076	-26.8697897449	0.115529240806
HO_EHF_HUMAN.H10MO.C.bed	0.0167766031345	-66.4235378042	0.115629563566
HO_HXA9_HUMAN.H10MO.D.bed	-0.0480298611066	-47.0767493262	0.116309577083
HO_CEBPE_HUMAN.H10MO.A.bed	0.047512859528	-26.0047466247	0.116393565375
HO_HES1_HUMAN.H10MO.D.bed	0.0452177754622	57.1531469212	0.116709751051
HO_PO3F1_HUMAN.H10MO.C.bed	-0.0299609958318	-24.9818839715	0.116830775138
HO_E2F7_HUMAN.H10MO.D.bed	0.091338236181	43.0822196669	0.116893544455
HO_TBX4_HUMAN.H10MO.D.bed	0.0470345391598	120.360001042	0.116922269914
HO_ZIC3_HUMAN.H10MO.C.bed	-0.0424825455196	40.576458743	0.117330344267
HO_NGN2_HUMAN.H10MO.D.bed	-0.0405860176933	-43.1120038759	0.117522931316
HO_E2F2_HUMAN.H10MO.B.bed	0.129471757086	-987.617041819	0.11758229849
HO_UBIP1_HUMAN.H10MO.D.bed	-0.0278654458493	-25.0988473722	0.117743073745
HO_AP2A_HUMAN.H10MO.C.bed	-0.0272366823536	-12.57103138	0.118260985471
HO_NANOG_HUMAN.H10MO.S.bed	-0.0229733882928	-43.4121645017	0.118533111785
HO_HXA10_HUMAN.H10MO.C.bed	0.0314446608616	-60.0446429804	0.118658754648
HO_EVX1_HUMAN.H10MO.D.bed	0.0204234651551	317726.84704	0.118776281436
HO_BRAC_HUMAN.H10MO.D.bed	-0.109317932331	-12.4353491659	0.119292500789
HO_BMAL1_HUMAN.H10MO.C.bed	0.0643127829069	443.114340183	0.119334511814
HO_ZN784_HUMAN.H10MO.D.bed	-0.0454099550426	-166.360090799	0.119517951982
HO_GFI1B_HUMAN.H10MO.C.bed	-0.0330296792847	-39.6394530548	0.119913004174
HO_MSX2_HUMAN.H10MO.D.bed	-0.01558799478	-541.951420555	0.120793150745
HO_ZEP2_HUMAN.H10MO.D.bed	0.0457281584978	49.4397984492	0.120892392917
HO_SPZ1_HUMAN.H10MO.D.bed	0.0648428517093	25.7722831543	0.12121068363
HO_MLX_HUMAN.H10MO.D.bed	0.0595786907725	155.96190345	0.121240063378
HO_VDR_HUMAN.H10MO.S.bed	-0.0235981418724	-33.1761379915	0.121579202791
HO_SOX5_HUMAN.H10MO.C.bed	-0.016188976622	46.3517888768	0.12219701159
HO_GBX2_HUMAN.H10MO.D.bed	0.0248460066382	-502.154185012	0.122871876414
HO_NR4A3_HUMAN.H10MO.D.bed	0.0358437755724	-25.2411042086	0.122994716409
HO_ARI3A_HUMAN.H10MO.D.bed	-0.0156287813221	-3188.10838461	0.123848012721
HO_YBOX1_HUMAN.H10MO.D.bed	0.034170940614	-187.168470086	0.123856693027
HO_PBX1_HUMAN.H10MO.B.bed	0.0393510613521	74.3778227512	0.124541895689
HO_CLOCK_HUMAN.H10MO.D.bed	0.0197687676621	-227.884258826	0.124768913025
HO_PLAG1_HUMAN.H10MO.D.bed	0.0247014841967	-39.543847338	0.124847922493
HO_NR2E1_HUMAN.H10MO.D.bed	-0.0529001518297	-89.3619708762	0.124998678066
HO_MYOD1_HUMAN.H10MO.C.bed	0.024626216186	173.439359289	0.125024427557
HO_BHE23_HUMAN.H10MO.D.bed	-0.0357632991564	100.589072887	0.125171850182
HO_GFI1_HUMAN.H10MO.C.bed	-0.0290210017859	47.0649512977	0.125308519029
HO_GBX1_HUMAN.H10MO.D.bed	0.0203819700309	-77.2351200961	0.125435928015
HO_FOXP2_HUMAN.H10MO.A.bed	0.019663728834	-17.2368244648	0.126038927716
HO_SPIC_HUMAN.H10MO.D.bed	0.0154191035648	-171.650997132	0.12741038074
HO_PPARA_HUMAN.H10MO.S.bed	0.0143656855721	-40.4787395463	0.127593962966
HO_RFX4_HUMAN.H10MO.D.bed	-0.0511004494642	372.743896928	0.128001259476
HO_NKX28_HUMAN.H10MO.C.bed	0.0297550853348	-28.4149727702	0.128772173054
HO_PTF1A_HUMAN.H10MO.C.bed	-0.033006934772	-25.2988891967	0.128837625566
HO_PO2F2_HUMAN.H10MO.D.bed	-0.0304912734776	90.2013998896	0.129026959228
HO_IRX3_HUMAN.H10MO.D.bed	-0.0213580574598	-326.668654432	0.129072934873
HO_ZN589_HUMAN.H10MO.D.bed	0.0602293834671	33.6583866337	0.129351408019
HO_MNT_HUMAN.H10MO.D.bed	0.0142797777415	-32.2742072413	0.129928508207
HO_RFX1_HUMAN.H10MO.C.bed	0.0459897399405	49.2379304429	0.130644856922
HO_NR2C2_HUMAN.H10MO.A.bed	-0.0343194233362	62.5565822939	0.130731315963
HO_MUSC_HUMAN.H10MO.D.bed	-0.20609998488	179.415811648	0.131444369723
HO_ZFHX3_HUMAN.H10MO.D.bed	-0.0258263279807	25.3179420783	0.131758901083
HO_REL_HUMAN.H10MO.C.bed	0.0303780842415	121.863944506	0.13210010557
HO_MSX1_HUMAN.H10MO.D.bed	-0.0345395287652	31.803535668	0.133023592108
HO_COT1_HUMAN.H10MO.S.bed	-0.0404917395339	38.2321419755	0.133075722209
HO_ZBTB6_HUMAN.H10MO.D.bed	0.0531797832323	-110.511684816	0.133446216465
HO_PRDM1_HUMAN.H10MO.C.bed	-0.0310294838294	1567.08447095	0.133626879886
HO_MTF1_HUMAN.H10MO.C.bed	0.0925329561358	-41.7599408923	0.133650996309
HO_HXD10_HUMAN.H10MO.D.bed	-0.0227314507495	-71.8874959175	0.133715365686
HO_NR2E3_HUMAN.H10MO.C.bed	0.0304723282731	42.7557175289	0.133904171036
HO_KLF12_HUMAN.H10MO.D.bed	0.0289147403239	152.925589408	0.134988638818
HO_P63_HUMAN.H10MO.S.bed	0.0406206107328	-98.5664238738	0.135110804317
HO_NFAT5_HUMAN.H10MO.D.bed	0.033755208172	-29.5403690712	0.135387031907
HO_HXC11_HUMAN.H10MO.D.bed	0.0420689697555	-72.8237392787	0.135808779611
HO_IRF3_HUMAN.H10MO.C.bed	0.0249609379247	37.5007521238	0.135842163644
HO_FOXG1_HUMAN.H10MO.D.bed	-0.0139796390534	192.920331358	0.136412914333
HO_FOXD2_HUMAN.H10MO.D.bed	-0.0243437272021	-51.1200975341	0.136591712361
HO_CDX1_HUMAN.H10MO.C.bed	-0.0154049066075	-90.6422468734	0.137228999695
HO_NR6A1_HUMAN.H10MO.B.bed	-0.041966751794	-39.638435602	0.13735715606
HO_FOSL1_HUMAN.H10MO.A.bed	-0.0232394743396	43.9346003078	0.138251651653
HO_TBX19_HUMAN.H10MO.D.bed	-0.0716451688623	-22.1172793342	0.1382550185
HO_NKX31_HUMAN.H10MO.C.bed	0.0240169795613	17.3624337423	0.138371928818
HO_MAFK_HUMAN.H10MO.A.bed	-0.0589273839372	23.3841707242	0.139100078495
HO_MYCN_HUMAN.H10MO.B.bed	-0.0232160719027	45.1602769153	0.13916370609
HO_SOX3_HUMAN.H10MO.D.bed	-0.0309093275986	128.01261648	0.139250257596
HO_CTCFL_HUMAN.H10MO.A.bed	-0.0268216873562	26.8585403137	0.139643645433
HO_TF7L2_HUMAN.H10MO.A.bed	-0.0282270292355	1549.90234274	0.14041170694
HO_MESP1_HUMAN.H10MO.D.bed	0.0172250270093	20.7672688331	0.14145708278
HO_LHX3_HUMAN.H10MO.C.bed	0.0262909676708	-48.1100062508	0.142355629712
HO_ZN524_HUMAN.H10MO.D.bed	0.059142253026	36.1700956082	0.142524278983
HO_FOXO4_HUMAN.H10MO.C.bed	0.019282274719	-24.3580545371	0.142953520647
HO_GATA4_HUMAN.H10MO.B.bed	-0.0204222258447	-33.6077934091	0.143048272689
HO_ESR1_HUMAN.H10MO.A.bed	0.036780762938	81.158731821	0.143909208538
HO_JUND_HUMAN.H10MO.A.bed	0.0243052449113	72.7904441338	0.143960898922
HO_CUX1_HUMAN.H10MO.C.bed	0.0725035521087	589.140360662	0.144264607245
HO_FOXC1_HUMAN.H10MO.C.bed	-0.0322189278204	-164.081300941	0.145867668636
HO_SOX8_HUMAN.H10MO.D.bed	0.0405588713131	127.581136338	0.145901159556
HO_PO6F1_HUMAN.H10MO.D.bed	0.0411915069218	97.0639571733	0.146241381972
HO_PO4F3_HUMAN.H10MO.D.bed	-0.03240417083	93.133761997	0.14635433493
HO_HXC6_HUMAN.H10MO.D.bed	-0.02307275622	-70.3772278919	0.146386752155
HO_HXA13_HUMAN.H10MO.C.bed	0.0291565219157	34.151188047	0.14648153797
HO_STA5A_HUMAN.H10MO.B.bed	0.0187500831837	-20.4634736225	0.146586033531
HO_XBP1_HUMAN.H10MO.C.bed	0.0821310166605	40.5250042432	0.146750995226
HO_DPRX_HUMAN.H10MO.D.bed	0.066557784262	-19.2139561483	0.146815633591
HO_TBR1_HUMAN.H10MO.D.bed	0.0424823754001	-299.094540878	0.147414497455
HO_ZN410_HUMAN.H10MO.D.bed	-0.109767923972	-17.9229812865	0.147789326735
HO_BATF3_HUMAN.H10MO.D.bed	0.0512204877284	-25.3959295923	0.147839039441
HO_FOXA1_HUMAN.H10MO.A.bed	-0.0195359670469	-481.931486373	0.148780148532
HO_CEBPG_HUMAN.H10MO.C.bed	-0.0303909667572	85.9493316582	0.149194105476
HO_FOS_HUMAN.H10MO.A.bed	0.0222626930588	-34.5578425846	0.149243150747
HO_GCR_HUMAN.H10MO.A.bed	-0.0397254296935	-25.9658259185	0.149577839393
HO_HXA1_HUMAN.H10MO.C.bed	0.0333873880857	35.0593315617	0.150375514849
HO_PKNX2_HUMAN.H10MO.D.bed	-0.028831143676	-590.859836508	0.150456048571
HO_CRX_HUMAN.H10MO.C.bed	0.0207024105324	24.2519958273	0.151044649164
HO_MNX1_HUMAN.H10MO.D.bed	-0.0162709453183	2340.07646816	0.151693874978
HO_ELK4_HUMAN.H10MO.A.bed	0.045290170157	204.748328316	0.151889826915
HO_ZBTB4_HUMAN.H10MO.S.bed	0.0598918498181	-54.0411323491	0.152389086641
HO_ELK3_HUMAN.H10MO.D.bed	0.0271720890295	-20.8684417971	0.152438273126
HO_UNC4_HUMAN.H10MO.D.bed	0.0272585018843	-15.9964118892	0.152484105715
HO_BHE41_HUMAN.H10MO.D.bed	-0.0351121622108	-22.6205875428	0.152958038735
HO_HMBX1_HUMAN.H10MO.D.bed	-0.0337453849065	-137.17402323	0.153358407025
HO_DLX4_HUMAN.H10MO.D.bed	0.0178310500959	-12.2928139657	0.153504526862
HO_JDP2_HUMAN.H10MO.D.bed	0.0719500093214	-39.0735533874	0.153813182771
HO_VAX1_HUMAN.H10MO.D.bed	-0.0335659713915	126.609103225	0.154304526409
HO_HME1_HUMAN.H10MO.D.bed	0.0289444666668	20.9799777562	0.155621195199
HO_VDR_HUMAN.H10MO.B.bed	-0.0297855631464	-52.4059081958	0.15596530049
HO_LMX1A_HUMAN.H10MO.D.bed	-0.01437240606	93.5209995168	0.156048627575
HO_CEBPA_HUMAN.H10MO.A.bed	-0.0296985065513	29.9685490497	0.156216963203
HO_PLAL1_HUMAN.H10MO.D.bed	0.0432606131836	-62.0529513182	0.157501704444
HO_GABP1_HUMAN.H10MO.C.bed	0.0409685002132	15.9076955556	0.157990740572
HO_MGAP_HUMAN.H10MO.D.bed	0.0712372923177	3586.75861641	0.158034517698
HO_GCM1_HUMAN.H10MO.D.bed	0.0445610094946	56.6639142216	0.158143019461
HO_BARX1_HUMAN.H10MO.D.bed	-0.0443817955449	-31.1672060449	0.158819313649
HO_HMX2_HUMAN.H10MO.D.bed	-0.0223577381953	771.062671045	0.160241248247
HO_E2F3_HUMAN.H10MO.B.bed	0.0861654919841	-314.300437147	0.160946565625
HO_TBX20_HUMAN.H10MO.D.bed	0.0407517307618	450.519380335	0.160971794
HO_GSX1_HUMAN.H10MO.D.bed	-0.0213357142531	135.849562804	0.16333097507
HO_KLF3_HUMAN.H10MO.D.bed	0.0308979168188	-70.5816994811	0.163511842714
HO_ELF5_HUMAN.H10MO.D.bed	0.019827462209	22.0465519504	0.163737323983
HO_ERR1_HUMAN.H10MO.D.bed	0.0237516019974	47.6825466199	0.166521397985
HO_E2F5_HUMAN.H10MO.B.bed	0.0858282803635	42.7489968422	0.166794459833
HO_BARH1_HUMAN.H10MO.D.bed	-0.0341437448161	-44.8686461932	0.167563153995
HO_CTCF_HUMAN.H10MO.A.bed	-0.0237563592711	23.5931815271	0.167774180748
HO_HXB8_HUMAN.H10MO.C.bed	-0.0288708699002	-18.2642072533	0.168236211646
HO_STAT2_HUMAN.H10MO.B.bed	0.0181908937031	59.9794690318	0.168462735672
HO_FOXJ2_HUMAN.H10MO.C.bed	-0.0120617599387	-38.7388117814	0.169104180016
HO_NFIC_HUMAN.H10MO.A.bed	0.0264907004277	81.6212638239	0.169423214331
HO_FOXJ3_HUMAN.H10MO.A.bed	-0.0121425482291	-22.9132082642	0.16942512423
HO_OTX2_HUMAN.H10MO.C.bed	0.0243526653033	-56.5820738655	0.169633346303
HO_BC11A_HUMAN.H10MO.C.bed	-0.0126659471462	-17.8857937432	0.169698614602
HO_ARX_HUMAN.H10MO.D.bed	-0.0299242289589	-27.8783886479	0.169701322659
HO_HXD8_HUMAN.H10MO.D.bed	0.017915594331	-64.4301475933	0.170001115008
HO_SMAD4_HUMAN.H10MO.C.bed	0.02683188374	55.6643991532	0.170200444853
HO_PAX8_HUMAN.H10MO.D.bed	0.0387314490757	3704.56521375	0.170244695349
HO_ERR3_HUMAN.H10MO.B.bed	0.0328095804263	-41.8403115046	0.17043926517
HO_COT2_HUMAN.H10MO.S.bed	-0.0256391181858	-22.2792798645	0.171096343131
HO_ANDR_HUMAN.H10MO.A.bed	-0.0310406062822	90.654096315	0.171224214521
HO_HXD13_HUMAN.H10MO.D.bed	0.0205477892697	-14.2717096645	0.171226963296
HO_HXC12_HUMAN.H10MO.D.bed	-0.019813972414	-52.3099846796	0.17164291138
HO_HXB6_HUMAN.H10MO.D.bed	-0.0314604174566	-16.0484196536	0.171725899086
HO_EMX1_HUMAN.H10MO.D.bed	0.025527343187	102.837037453	0.171796396579
HO_LHX9_HUMAN.H10MO.D.bed	0.018530868244	-30.863223179	0.172074356097
HO_PO2F3_HUMAN.H10MO.D.bed	-0.0252550773541	116.580857339	0.1721236974
HO_BHE40_HUMAN.H10MO.A.bed	0.0360801009707	-26.0353836075	0.172153309888
HO_MAFK_HUMAN.H10MO.S.bed	-0.0324809832513	13.8314731564	0.172446614025
HO_MEF2A_HUMAN.H10MO.A.bed	-0.0217370910645	-71.2261906971	0.17271296147
HO_ELF1_HUMAN.H10MO.A.bed	-0.0258553745712	-129.807799652	0.173865441352
HO_BACH1_HUMAN.H10MO.A.bed	-0.0302039134562	-34.8665189346	0.174091885184
HO_IRF2_HUMAN.H10MO.C.bed	-0.0271089471884	24.3737277194	0.174294568779
HO_TFCP2_HUMAN.H10MO.D.bed	0.0299797744718	30.8171759455	0.174670234251
HO_GLI2_HUMAN.H10MO.B.bed	0.0499334646305	15.6261437169	0.175589363675
HO_NDF1_HUMAN.H10MO.C.bed	0.0265529406944	52.9926685792	0.176414688384
HO_OLIG3_HUMAN.H10MO.D.bed	-0.0359139734391	3754.8427837	0.176534668031
HO_NFKB2_HUMAN.H10MO.D.bed	0.0319604557115	43.3860720209	0.176595102305
HO_RFX3_HUMAN.H10MO.B.bed	0.0394207181269	-25.5901857789	0.17673458258
HO_VSX1_HUMAN.H10MO.D.bed	0.0213640562251	68.6434851026	0.176981898
HO_ZN143_HUMAN.H10MO.A.bed	-0.0257680233178	-169.453657626	0.177161183528
HO_EHF_HUMAN.H10MO.S.bed	0.0286037450264	51.5038953049	0.177549084592
HO_ARI5B_HUMAN.H10MO.C.bed	0.0267828691783	49.9368871232	0.177637143244
HO_PAX1_HUMAN.H10MO.D.bed	-0.127133947965	158.450460552	0.177878511001
HO_DLX3_HUMAN.H10MO.C.bed	0.030766947511	-83.9335717688	0.178601541898
HO_CR3L2_HUMAN.H10MO.D.bed	0.066604283061	-16.9322865023	0.17872255466
HO_RHXF1_HUMAN.H10MO.D.bed	0.0368485037118	-58632.5882501	0.178834026304
HO_TBP_HUMAN.H10MO.C.bed	-0.0199429944036	-31.8974938106	0.179140288144
HO_CREB3_HUMAN.H10MO.D.bed	0.0911337293243	17.4235941684	0.179141870778
HO_ZEP1_HUMAN.H10MO.D.bed	-0.0331526074203	-72.2402769834	0.181927465675
HO_LEF1_HUMAN.H10MO.C.bed	-0.0123379111955	152.004747064	0.182618482592
HO_LHX4_HUMAN.H10MO.D.bed	0.0170372744484	-39.9632939142	0.183235034893
HO_MYOG_HUMAN.H10MO.D.bed	-0.0263337279965	77.6857492413	0.183285540825
HO_GCM2_HUMAN.H10MO.D.bed	0.073261201863	70.6141724571	0.183325854697
HO_ENOA_HUMAN.H10MO.A.bed	0.0306434172909	-66.7522422976	0.183441654892
HO_OVOL1_HUMAN.H10MO.C.bed	0.0299368908449	68.6974639625	0.184031881502
HO_ELK1_HUMAN.H10MO.A.bed	0.0349398471459	-35.9475442155	0.18414953659
HO_HSF1_HUMAN.H10MO.A.bed	-0.0225338681319	-19.990283427	0.185081797628
HO_FEV_HUMAN.H10MO.C.bed	0.0210466713454	176.383159502	0.185208365509
HO_ARNT_HUMAN.H10MO.B.bed	0.0291259286426	-64.5804828947	0.186103327001
HO_TFE3_HUMAN.H10MO.C.bed	0.0255210371819	-45.8639547567	0.186278934994
HO_MAX_HUMAN.H10MO.A.bed	-0.0300626745652	-22.3155365362	0.186326466308
HO_MZF1_HUMAN.H10MO.D.bed	0.0169656841757	-25.374553148	0.18686855363
HO_GSX2_HUMAN.H10MO.D.bed	-0.0184897512136	-37.243763601	0.187314029531
HO_MAF_HUMAN.H10MO.B.bed	0.0226378861799	15.6748521776	0.188429633176
HO_VAX2_HUMAN.H10MO.D.bed	0.0353005717393	-48.9624595603	0.188676209418
HO_HSF2_HUMAN.H10MO.A.bed	-0.0293769820749	-61.1293461223	0.188737791325
HO_KLF1_HUMAN.H10MO.C.bed	0.0196554608995	40.9492616545	0.189129281722
HO_DUXA_HUMAN.H10MO.D.bed	0.0269415492574	-19.285593934	0.189825096847
HO_FOXL1_HUMAN.H10MO.D.bed	-0.0137322443616	58.0406458538	0.189923447171
HO_OTX1_HUMAN.H10MO.D.bed	-0.0236038130179	-88.4614085307	0.190476129123
HO_EMX2_HUMAN.H10MO.D.bed	0.0222363716654	246.101458296	0.190685965502
HO_BATF_HUMAN.H10MO.S.bed	-0.0199029034468	-19.8416195092	0.191099593829
HO_PROP1_HUMAN.H10MO.D.bed	-0.0183416403143	700.204458303	0.191325308774
HO_BATF_HUMAN.H10MO.A.bed	0.0292029433028	46.940207335	0.191363729597
HO_RXRA_HUMAN.H10MO.C.bed	-0.0238156564092	-20.119484832	0.191924106546
HO_NR2F6_HUMAN.H10MO.D.bed	0.025014705947	40.857856863	0.192031780972
HO_TEAD1_HUMAN.H10MO.D.bed	-0.023050749727	-16.840012873	0.192375469923
HO_DLX6_HUMAN.H10MO.D.bed	0.0133192764453	205.859361323	0.192880249908
HO_HNF4A_HUMAN.H10MO.A.bed	0.0327693550649	-92.1214262359	0.1930827103
HO_KAISO_HUMAN.H10MO.S.bed	0.0279231723484	41.4272318584	0.193288634272
HO_BHA15_HUMAN.H10MO.D.bed	0.033501104024	19.8840268266	0.193694321679
HO_ZN333_HUMAN.H10MO.D.bed	-0.0382049481643	-30.3578380712	0.194243573347
HO_HMX1_HUMAN.H10MO.D.bed	0.0197581079837	-21.4227045559	0.19445977864
HO_TF2LX_HUMAN.H10MO.D.bed	-0.0409549695168	-324.006804585	0.195010393433
HO_PKNX1_HUMAN.H10MO.D.bed	-0.0283581920605	-534.552249912	0.196112989487
HO_CEBPB_HUMAN.H10MO.A.bed	-0.0259760835219	-27.7468333762	0.196366715634
HO_ATOH1_HUMAN.H10MO.D.bed	0.0362850923122	16.6002401441	0.196508827195
HO_HIC1_HUMAN.H10MO.C.bed	-0.0299598653133	49.3727406076	0.197227209091
HO_ESR2_HUMAN.H10MO.S.bed	0.0110498435318	-22.1881679465	0.197265392253
HO_MEOX1_HUMAN.H10MO.D.bed	-0.0324146456295	19.2102257078	0.197379601631
HO_PITX1_HUMAN.H10MO.D.bed	-0.0238565171887	162.747030933	0.197392035234
HO_MEF2D_HUMAN.H10MO.C.bed	0.0212718244118	-21.8407880348	0.19788699153
HO_CEBPD_HUMAN.H10MO.B.bed	-0.0231953733964	-193.411395023	0.198038056395
HO_NFAC3_HUMAN.H10MO.B.bed	0.0158345226109	-35.9015841844	0.198429908882
HO_MLXPL_HUMAN.H10MO.D.bed	0.0444595075863	88.3854809184	0.199960265413
HO_ZIC2_HUMAN.H10MO.C.bed	0.0161957727398	36.4536664215	0.200072510367
HO_CR3L1_HUMAN.H10MO.D.bed	0.0671356989692	25388.4993315	0.200856416756
HO_ASCL2_HUMAN.H10MO.D.bed	0.0148555900432	144.669145313	0.200914421013
HO_MEIS1_HUMAN.H10MO.C.bed	0.0345469971951	33.8488467773	0.201078735126
HO_E2F4_HUMAN.H10MO.A.bed	0.0450380012237	88.8726860252	0.201753486352
HO_PO3F4_HUMAN.H10MO.D.bed	-0.0194724562956	-43.2089894569	0.202270322799
HO_BARH2_HUMAN.H10MO.D.bed	-0.021989359197	24.2918657319	0.202352800206
HO_ZSCA4_HUMAN.H10MO.D.bed	0.0404601172264	-12.8110698115	0.202353689434
HO_NOBOX_HUMAN.H10MO.C.bed	-0.023282732669	252.605469462	0.202665010294
HO_PHX2A_HUMAN.H10MO.D.bed	-0.0322551886531	17.484122056	0.202875103635
HO_FOSL2_HUMAN.H10MO.A.bed	0.0175301706632	19.1025017233	0.202949743028
HO_RX_HUMAN.H10MO.D.bed	-0.0193815057229	405.729760893	0.203586083456
HO_ZN282_HUMAN.H10MO.D.bed	0.026340828785	-90.1019920671	0.203603060153
HO_LBX2_HUMAN.H10MO.D.bed	0.026196922033	-156.421341703	0.204229025384
HO_TBX3_HUMAN.H10MO.D.bed	0.0272434003821	52.8005057585	0.205241718703
HO_MAFG_HUMAN.H10MO.C.bed	-0.0382160876549	-135.852939959	0.205460383188
HO_FIGLA_HUMAN.H10MO.D.bed	0.0209034926547	-23.1594383634	0.205519367626
HO_SPIB_HUMAN.H10MO.B.bed	-0.0150740988303	110.598054426	0.20573661373
HO_MEF2C_HUMAN.H10MO.C.bed	0.0144449712104	44.004450407	0.206141271677
HO_EGR3_HUMAN.H10MO.D.bed	-0.0305101515708	-22.5783540906	0.206462067407
HO_USF2_HUMAN.H10MO.A.bed	0.0333267801506	-19.490558185	0.206667945589
HO_HIF1A_HUMAN.H10MO.A.bed	-0.0562247865605	165.91723384	0.206716403311
HO_DMBX1_HUMAN.H10MO.D.bed	0.0169353444218	28.1430006374	0.207160165117
HO_STAT1_HUMAN.H10MO.A.bed	-0.0348387552427	26.4123653548	0.207238167117
HO_IRF7_HUMAN.H10MO.C.bed	0.024288479175	-1548.79909941	0.207591103902
HO_MAFF_HUMAN.H10MO.A.bed	-0.0425321853633	-22.6447372969	0.207764972484
HO_NKX62_HUMAN.H10MO.D.bed	0.0156700491706	-63.1633273724	0.208091250778
HO_DLX1_HUMAN.H10MO.D.bed	-0.0144452175402	-14.269658355	0.208117065898
HO_NRL_HUMAN.H10MO.D.bed	0.0312336230134	-71.4734048251	0.208375180013
HO_SOX17_HUMAN.H10MO.D.bed	0.035001928312	-28.2715203302	0.208460036825
HO_HXB2_HUMAN.H10MO.D.bed	0.0274914556	-14.430373939	0.210082277757
HO_AP2C_HUMAN.H10MO.A.bed	0.0187623396115	42.6879872466	0.210211948215
HO_BCL6_HUMAN.H10MO.C.bed	0.0201236593281	68.8688779309	0.210593689167
HO_ZN384_HUMAN.H10MO.C.bed	0.0224099192839	34.2776540894	0.210653626454
HO_SOX1_HUMAN.H10MO.D.bed	-0.0314296654181	-46.7970588537	0.210834639565
HO_HME2_HUMAN.H10MO.D.bed	-0.0294565121575	25.1664345054	0.211159785285
HO_HMGA2_HUMAN.H10MO.D.bed	-0.0474254197213	39.5790217769	0.211209846828
HO_STAT3_HUMAN.H10MO.A.bed	0.0178295349066	39.479108363	0.211570027803
HO_CENPB_HUMAN.H10MO.D.bed	-0.196573410646	-32.6430634443	0.211668102321
HO_HXD3_HUMAN.H10MO.D.bed	-0.0257480585222	-23.859670539	0.211756271109
HO_PO3F2_HUMAN.H10MO.D.bed	0.0180554766598	18.1516826233	0.212301685991
HO_HLTF_HUMAN.H10MO.D.bed	-0.0178496649563	-17.7993505584	0.212374576294
HO_CUX2_HUMAN.H10MO.D.bed	-0.0389451003989	-44.5923316731	0.212613580292
HO_PHX2B_HUMAN.H10MO.D.bed	-0.0220878921738	-1632.41147245	0.212750253162
HO_NFE2_HUMAN.H10MO.B.bed	-0.0295676624481	17.9503428113	0.212853660517
HO_ETV6_HUMAN.H10MO.D.bed	0.0310153694415	-18.8224763212	0.212887712716
HO_MEIS2_HUMAN.H10MO.B.bed	-0.0303364025356	78.0097586823	0.21312855189
HO_ZKSC3_HUMAN.H10MO.D.bed	-0.0463093538793	-21.9622591706	0.213242795581
HO_ERR2_HUMAN.H10MO.A.bed	0.0189697871463	18.2240684962	0.21341517018
HO_ZBT18_HUMAN.H10MO.D.bed	0.0349736893976	214.968702433	0.213868559975
HO_VENTX_HUMAN.H10MO.D.bed	-0.0217575902541	-69.7312918761	0.214281334581
HO_FOXO6_HUMAN.H10MO.D.bed	0.0256034176011	81.0675891909	0.214683985474
HO_NF2L2_HUMAN.H10MO.D.bed	-0.0250239686073	143.569444833	0.215053005942
HO_EPAS1_HUMAN.H10MO.D.bed	0.0221425425167	398.327564775	0.215475109761
HO_DDIT3_HUMAN.H10MO.C.bed	-0.0295805445133	5476.77054354	0.215560620164
HO_ZN232_HUMAN.H10MO.D.bed	0.0513757436309	-157.051919987	0.215669729704
HO_PRD14_HUMAN.H10MO.C.bed	0.0334747944109	22.0427491503	0.216642599411
HO_COT1_HUMAN.H10MO.B.bed	0.0295571411032	454.751546224	0.216758235118
HO_ARNT2_HUMAN.H10MO.D.bed	0.0266992011497	24.2654750487	0.216879081544
HO_ZIC4_HUMAN.H10MO.D.bed	0.0560325498023	16.9958772644	0.217097806134
HO_NR1D1_HUMAN.H10MO.C.bed	0.0272297747062	-25.9176558162	0.217129069192
HO_ZSC16_HUMAN.H10MO.D.bed	-0.0406083894345	-67.9774349465	0.219002059974
HO_MIXL1_HUMAN.H10MO.D.bed	-0.0246802847245	20.2426716553	0.219086783852
HO_STA5B_HUMAN.H10MO.C.bed	0.0157206103268	13.5292520716	0.219960920336
HO_MAFB_HUMAN.H10MO.D.bed	0.0259972875321	-71.8553683476	0.220602441614
HO_NOTO_HUMAN.H10MO.D.bed	-0.0218618958938	-17.5629157707	0.220710145848
HO_LHX6_HUMAN.H10MO.D.bed	0.029209150274	-30.0247995773	0.221251163201
HO_MYB_HUMAN.H10MO.C.bed	0.01095769345	-64.1389971627	0.221389310233
HO_EOMES_HUMAN.H10MO.D.bed	-0.0178619262473	-16.5267104302	0.2231898592
HO_TLX1_HUMAN.H10MO.S.bed	0.0257195086583	18.3487917216	0.223319217233
HO_STAT1_HUMAN.H10MO.S.bed	-0.024062523604	9.99416029618	0.223710373627
HO_SRBP1_HUMAN.H10MO.B.bed	-0.0187954328984	-161.821704379	0.224151885293
HO_ITF2_HUMAN.H10MO.B.bed	0.0124255447488	23.6220569745	0.224396814899
HO_RELB_HUMAN.H10MO.C.bed	0.0239060654644	-46.4940040131	0.224594193018
HO_HXA2_HUMAN.H10MO.D.bed	-0.0198108699779	-163.662250189	0.224960008773
HO_DRGX_HUMAN.H10MO.D.bed	-0.0297113942239	-109.295906617	0.225604438365
HO_TYY1_HUMAN.H10MO.A.bed	-0.0208100185617	-208.347318796	0.225841583205
HO_TAL1_HUMAN.H10MO.S.bed	0.0353684282226	-65.2363500274	0.228529640753
HO_NFKB1_HUMAN.H10MO.B.bed	0.0233246752283	-66.0889959971	0.228770409388
HO_TFAP4_HUMAN.H10MO.C.bed	-0.0218091553967	48.9232490003	0.229686756802
HO_E2F8_HUMAN.H10MO.D.bed	-0.0259471633413	25.2649642145	0.229801501954
HO_HNF1A_HUMAN.H10MO.A.bed	-0.0246009022939	24.4115226951	0.230434913305
HO_MEF2B_HUMAN.H10MO.D.bed	-0.033955041889	-18.9421397414	0.231473910668
HO_FOXA2_HUMAN.H10MO.A.bed	-0.0169744470945	-84.9934338201	0.23226660878
HO_SOX2_HUMAN.H10MO.B.bed	-0.0239122326934	-34.3394197548	0.23507636878
HO_NKX32_HUMAN.H10MO.C.bed	0.0245290595418	-13.7143748965	0.235096414703
HO_ALX1_HUMAN.H10MO.B.bed	-0.0206831416252	-26.1978485313	0.236057789096
HO_FOXI1_HUMAN.H10MO.B.bed	-0.02556479977	45.3562867475	0.236171109895
HO_PO5F1_HUMAN.H10MO.A.bed	-0.0214436775517	38.7375613387	0.236798691303
HO_ZKSC1_HUMAN.H10MO.C.bed	-0.0177566142865	38.8838745319	0.237111622701
HO_HMX3_HUMAN.H10MO.D.bed	-0.0208712124543	-56.5088027025	0.237331674146
HO_NR1I2_HUMAN.H10MO.C.bed	0.0245074670463	-49.9616348796	0.237465336308
HO_THB_HUMAN.H10MO.S.bed	0.028736794469	42.1213213342	0.238728459102
HO_GRHL1_HUMAN.H10MO.D.bed	0.0811729007873	29.3456676092	0.240031322064
HO_MYBB_HUMAN.H10MO.D.bed	0.0242114744501	-21.0189611373	0.240120194364
HO_NR2C1_HUMAN.H10MO.C.bed	-0.0228489245348	-308.121241872	0.240687744948
HO_ZN740_HUMAN.H10MO.D.bed	0.0182097690845	-28.5770337216	0.240787793528
HO_PAX4_HUMAN.H10MO.D.bed	-0.0187949757058	-176.592710284	0.240869777733
HO_MAFA_HUMAN.H10MO.D.bed	-0.024887660901	20.0458879529	0.24336750359
HO_DLX5_HUMAN.H10MO.D.bed	-0.0129692581582	161.997821312	0.243458636106
HO_P5F1B_HUMAN.H10MO.D.bed	-0.0181336139386	755.513986726	0.243594724008
HO_SMAD2_HUMAN.H10MO.C.bed	0.0203203655339	18.2935128979	0.243703912917
HO_CEBPZ_HUMAN.H10MO.D.bed	0.0209140429464	17.4777642196	0.245167716745
HO_GLIS2_HUMAN.H10MO.D.bed	-0.0654862665538	-9.95086262472	0.24575533747
HO_MEIS3_HUMAN.H10MO.D.bed	0.0205991922671	32.4202313661	0.246150902697
HO_NR1H4_HUMAN.H10MO.C.bed	0.0386640221543	28.5568799431	0.24681166592
HO_MYC_HUMAN.H10MO.A.bed	-0.0318955880893	18.8965400353	0.247254333695
HO_GSC_HUMAN.H10MO.D.bed	-0.0292781875565	70.8515342839	0.247331868061
HO_STAT4_HUMAN.H10MO.D.bed	0.0138768413566	-42.4943743941	0.247446915878
HO_SMAD1_HUMAN.H10MO.D.bed	0.0180303835683	418.303222473	0.249001452215
HO_NKX22_HUMAN.H10MO.D.bed	-0.0169497978004	-16.0127329797	0.250824410519
HO_ETV3_HUMAN.H10MO.D.bed	-0.0262360668489	17.2694526104	0.252125374878
HO_ELF3_HUMAN.H10MO.D.bed	0.0180869398938	28.2494116428	0.252506322012
HO_HINFP_HUMAN.H10MO.C.bed	0.0955878476764	-220.379780062	0.253572262965
HO_TF65_HUMAN.H10MO.A.bed	0.0197026767408	33.9683406727	0.254066133333
HO_SOX4_HUMAN.H10MO.C.bed	-0.0234861094481	135.11364791	0.25425951412
HO_ZBT49_HUMAN.H10MO.D.bed	-0.0308250109455	58.6937716885	0.254717865206
HO_HXA11_HUMAN.H10MO.D.bed	-0.0124135868851	29.4287330981	0.255349030393
HO_LHX8_HUMAN.H10MO.D.bed	0.0227976104845	13.3307278274	0.255841052444
HO_ALX4_HUMAN.H10MO.D.bed	-0.0319063036129	419.353805933	0.255892151405
HO_SOX21_HUMAN.H10MO.D.bed	-0.0243923891921	-72.6590738007	0.257103534208
HO_ATF7_HUMAN.H10MO.D.bed	0.0586710578647	19.6898295343	0.257227738026
HO_GLIS3_HUMAN.H10MO.D.bed	0.0335436389673	-19.1679349202	0.257437318648
HO_PRGR_HUMAN.H10MO.C.bed	-0.0181803800008	-34.7115683352	0.25756946409
HO_KLF8_HUMAN.H10MO.C.bed	0.0156006813434	-156.05994365	0.257619310088
HO_ALX3_HUMAN.H10MO.D.bed	-0.0174383243879	68.206905859	0.259735746921
HO_FOXQ1_HUMAN.H10MO.C.bed	0.0166894193516	-25.8367516181	0.262139169862
HO_COE1_HUMAN.H10MO.A.bed	-0.0165153480892	-17.4851630089	0.263492154311
HO_HOMEZ_HUMAN.H10MO.D.bed	0.0381935418507	9.49609933011	0.264109040733
HO_HEN1_HUMAN.H10MO.C.bed	0.0264805909094	-337.748415993	0.264187976989
HO_HLF_HUMAN.H10MO.C.bed	-0.0356825144422	10.683303352	0.264404828055
HO_DBP_HUMAN.H10MO.B.bed	0.0197166258372	41.9162005155	0.265625310208
HO_SOX11_HUMAN.H10MO.D.bed	0.0357179920148	10.8703136708	0.266310174591
HO_HAND1_HUMAN.H10MO.D.bed	0.0179667466404	617.845844344	0.267269257163
HO_CREB5_HUMAN.H10MO.D.bed	0.0482314981246	-26.5486232807	0.268437534937
HO_ETS1_HUMAN.H10MO.C.bed	-0.0170545953424	-29.9841395946	0.268688370283
HO_BARX2_HUMAN.H10MO.D.bed	0.0143818984864	16.2843225477	0.270441304283
HO_LMX1B_HUMAN.H10MO.D.bed	0.0104343431102	36.4214101816	0.2718598288
HO_GMEB2_HUMAN.H10MO.D.bed	0.0411161629661	152.026097447	0.272522145939
HO_FOXH1_HUMAN.H10MO.A.bed	0.0236609278634	165.585989365	0.272667286733
HO_HXB13_HUMAN.H10MO.D.bed	0.0115083026742	25.7566087035	0.276048381575
HO_ISX_HUMAN.H10MO.D.bed	-0.0107958617466	143.192477702	0.278749781021
HO_PAX3_HUMAN.H10MO.D.bed	-0.0467007645269	83.8101920266	0.280791455311
HO_CDC5L_HUMAN.H10MO.D.bed	-0.0203248159946	16.1154237467	0.288851430259
HO_ERF_HUMAN.H10MO.D.bed	0.02660291257	14.9310721437	0.28887162054
HO_IRF9_HUMAN.H10MO.C.bed	0.015545747282	-10.1781100255	0.289909090985
HO_COT2_HUMAN.H10MO.A.bed	0.0127684336211	-30.4476546819	0.290377324962
HO_STF1_HUMAN.H10MO.B.bed	0.0117782812055	12.877105563	0.29093578261
HO_TGIF2_HUMAN.H10MO.D.bed	-0.019279595425	15.394563866	0.291103163292
HO_HSF4_HUMAN.H10MO.D.bed	0.0230513194986	24.9660013874	0.295366635043
HO_TF7L1_HUMAN.H10MO.D.bed	-0.0345550342406	13.0792788305	0.295978494468
HO_TFE2_HUMAN.H10MO.C.bed	-0.0172171046198	10.1922428522	0.29686607564
HO_HXC13_HUMAN.H10MO.D.bed	0.0204849377585	10.831501154	0.298239650936
HO_RARG_HUMAN.H10MO.C.bed	0.0152929301761	-45.9335265651	0.29946644733
HO_RUNX2_HUMAN.H10MO.B.bed	0.013818063545	11.6717732925	0.2999004756
HO_SMAD3_HUMAN.H10MO.C.bed	-0.0142139042948	17.1018625275	0.300043461857
HO_ESR2_HUMAN.H10MO.A.bed	0.0200340865446	18.054748093	0.300705148359
HO_PAX7_HUMAN.H10MO.D.bed	0.0311628580048	6.51358033942	0.305240843694
HO_PPARG_HUMAN.H10MO.S.bed	0.0114445623203	51.0691448738	0.305802569104
HO_HNF1B_HUMAN.H10MO.B.bed	0.0193707687491	24.1090944764	0.306989244336
HO_IRF8_HUMAN.H10MO.D.bed	0.0115391092106	27.1609465481	0.30866675895
HO_BCL6B_HUMAN.H10MO.D.bed	-0.0288463189418	27.0526401996	0.312654149002
HO_ERG_HUMAN.H10MO.B.bed	0.0290257827972	10.4299116681	0.329293639594
HO_NDF2_HUMAN.H10MO.D.bed	0.0209140128804	-191.383985021	0.330484238208
HO_RORA_HUMAN.H10MO.B.bed	0.0169993125802	23.3836196084	0.348968397579
